408	17 times 24
5952	64 times 93
3116	82 times 38
1260	21 times 60
3213	51 times 63
416	16 times 26
3404	37 times 92
4845	85 times 57
936	24 times 39
1248	78 times 16
2016	96 times 21
7584	96 times 79
3528	84 times 42
4730	86 times 55
833	17 times 49
3564	81 times 44
1428	28 times 51
2516	37 times 68
3596	58 times 62
7644	98 times 78
2610	58 times 45
792	12 times 66
4416	48 times 92
2860	44 times 65
4920	60 times 82
2257	37 times 61
777	21 times 37
1794	78 times 23
5037	69 times 73
1764	21 times 84
1953	31 times 63
864	72 times 12
6248	88 times 71
1674	27 times 62
3619	77 times 47
1824	38 times 48
858	11 times 78
5251	89 times 59
4970	70 times 71
5580	90 times 62
4756	58 times 82
2924	68 times 43
2958	58 times 51
946	22 times 43
187	11 times 17
3720	40 times 93
3692	71 times 52
1276	44 times 29
4898	79 times 62
1743	21 times 83
4554	99 times 46
3724	98 times 38
2135	61 times 35
2132	82 times 26
640	10 times 64
726	11 times 66
6402	97 times 66
4536	63 times 72
994	14 times 71
5680	71 times 80
1288	56 times 23
1430	65 times 22
4536	63 times 72
1431	53 times 27
2046	62 times 33
1300	52 times 25
4510	55 times 82
2465	85 times 29
3712	58 times 64
4928	64 times 77
2784	87 times 32
1716	52 times 33
6432	67 times 96
988	26 times 38
3256	44 times 74
2002	77 times 26
1330	35 times 38
2997	81 times 37
7128	72 times 99
5120	64 times 80
3780	45 times 84
1116	36 times 31
7544	92 times 82
3440	86 times 40
1482	39 times 38
2752	86 times 32
4032	84 times 48
1800	72 times 25
2028	39 times 52
1596	21 times 76
2350	47 times 50
5445	99 times 55
2880	60 times 48
720	72 times 10
3825	45 times 85
2268	36 times 63
2580	60 times 43
1305	87 times 15
1343	79 times 17
3977	97 times 41
