1292, 3475, 8774, 7076, 3695, 6441, 6298, 9762, 1916, 6988, 8084
5759, 3235, 2960, 2211, 5789, 9136, 9988, 6055, 9666, 5801
590, 7559, 878, 7894, 5991, 185, 4946, 848, 8610, 35
9559, 1423, 110, 2809, 4622, 9580, 2380, 4729, 1652, 6798, 4531, 3163, 562, 2608, 5911, 935
7212, 1344, 6687, 4195, 7865, 3526, 8623, 4751, 3358, 8254, 7119, 9436, 2301, 1402
6113, 7806, 4250, 4457, 5150, 6613, 9935, 9655, 6999, 1627, 9416, 6468, 8496, 994, 9109, 5180, 6593, 2198, 7098, 9397
4060, 8046, 7626, 9392, 5227, 4754, 1445, 1151, 6430, 814, 5301, 2183, 2054, 4988, 8299, 1303, 6041
5440, 7125, 3991, 3971, 4208, 2946, 4605, 6258, 7424, 3916, 4739
4797, 6480, 1806, 2510, 5124, 699, 8920, 8913, 5373, 5234, 6449, 2705, 3258
2710, 8225, 6865, 766, 7271, 6958, 8969, 4799, 3311, 5139
7655, 5919, 3536, 6679, 9148, 3222, 7183, 4377, 6775, 6148, 9873, 1600, 6555, 3899, 5865, 7218, 8959, 529
7982, 3575, 9065, 6338, 8369, 4824, 6731, 7841, 9031, 5630, 9113, 6113, 7544, 9721, 9501, 7316
6244, 736, 7837, 8764, 9983, 7041, 4322, 6491, 7896, 2695, 5893, 5628, 2346, 3268, 4946, 1188, 5292
9612, 9276, 2409, 1279, 3, 7038, 6414, 986, 435, 8613, 4728, 660
8793, 8318, 2977, 8685, 1915, 7491, 8945, 7130, 372, 9489, 9162, 2821, 4472, 1736, 7871, 2939, 3853
5663, 5486, 1934, 9695, 6330, 7790, 4100, 7020, 7577, 3384
8179, 9791, 6267, 9328, 5167, 9721, 504, 4665, 6625, 7080, 3192, 5982, 4618, 2273, 425, 6528, 2927
1160, 9541, 6966, 5684, 2481, 6006, 8935, 8201, 7226, 65, 757, 5015
2666, 1389, 6083, 1359, 3943, 3330, 5475, 329, 6418, 6570, 8047, 7499, 9200, 8447, 8052
5445, 7409, 9669, 2428, 9158, 4965, 548, 40, 4385, 2188
5849, 5390, 8985, 6212, 7452, 5758, 9819, 8583, 1871, 6002, 8796
9313, 1989, 9665, 2154, 3562, 5510, 2881, 4655, 5425, 4135, 5025, 4079, 1016, 5293
2184, 9499, 6792, 2388, 8521, 156, 6299, 4913, 6547, 8623, 7320, 6899, 8148, 2943, 4006
8564, 4480, 7213, 208, 4685, 435, 7605, 7109, 506, 7574, 5509, 7879, 9133, 8439, 5733, 5373, 5832
4046, 5248, 8878, 2385, 5227, 3573, 4040, 1669, 2266, 7101, 5121, 137, 7187, 9534, 2786, 6901
5028, 2282, 1264, 9748, 2089, 9356, 6321, 362, 1980, 9642, 4471, 9893, 8809, 1527, 6906
2664, 2307, 8303, 1536, 3623, 7030, 5310, 7128, 3053, 2537, 7670, 1526
1176, 7521, 92, 3596, 7846, 5618, 4830, 97, 3327, 238, 7190, 3534, 9520, 5504, 1135, 6070, 8269, 7650, 883
9164, 1410, 2318, 4836, 2642, 6396, 11, 5471, 7761, 5109
4044, 9695, 5840, 7308, 9231, 9046, 8910, 396, 9170, 1839, 9999, 4195, 9384, 9502, 1762, 4961, 8044, 8783
2919, 1144, 2744, 9432, 3314, 7663, 9304, 9421, 284, 8463, 6610, 6455, 2673, 5923, 1286, 3932, 8176, 6344
7644, 458, 7039, 9725, 9468, 9721, 2806, 1198, 7135, 2279, 772, 4535, 8579
8150, 7905, 403, 3275, 5007, 1146, 1110, 7548, 4038, 2623, 2767, 8482, 2675
2522, 2666, 5330, 8335, 1151, 8518, 8842, 4953, 5049, 1720, 9322, 3508
1437, 4859, 7789, 9607, 3009, 429, 9114, 1974, 384, 4200, 1551, 8634, 5234, 5190, 8597, 1446
5728, 5350, 1535, 2146, 8802, 7376, 4343, 8390, 2523, 3111, 1618, 1116, 6892
2864, 5089, 8237, 4801, 5403, 3433, 9263, 2807, 8512, 8709, 4257
602, 1676, 1344, 9372, 6109, 3521, 5356, 777, 2822, 2198, 1705, 7856, 6133, 6482, 5793, 6659
1741, 9103, 8387, 7370, 103, 8950, 8632, 6252, 9343, 8128, 3781
583, 2309, 3432, 7940, 4605, 3711, 6823, 2562, 1770, 4629, 1912, 5378, 1833, 4599, 5583, 4535, 3704, 8005, 5066, 5679
270, 1046, 8422, 1152, 8036, 6846, 158, 822, 6500, 6888, 654, 9141, 6218
2425, 2313, 6543, 1070, 1158, 5250, 3068, 197, 2835, 4367, 8357, 9148, 7287, 2535, 4254, 4732
237, 7615, 7139, 3315, 8084, 1460, 1221, 3548, 3086, 9361, 9660, 4839, 7423, 3116
8707, 1986, 6116, 7138, 1014, 7712, 3684, 5467, 9608, 5472, 7775
7067, 5921, 6876, 4488, 5069, 8589, 5972, 6572, 5551, 6078, 6492, 1072, 6503, 4000
9518, 7739, 4456, 5663, 709, 1260, 7238, 4886, 2414, 6305, 9400, 5076
9338, 211, 3956, 1764, 7564, 8174, 8691, 9880, 1255, 4065, 2962, 9359, 5352, 5396, 2754, 4474, 7140, 516, 9542
3928, 1873, 7590, 6400, 7074, 2622, 7743, 7259, 4451, 9658, 5011, 1957, 6776, 9024, 6038, 6681, 1185, 7689, 9644, 8417
4491, 8981, 1691, 1682, 6453, 875, 6364, 8348, 3315, 2594, 4187, 7264, 9491, 8616, 8631
6066, 6251, 545, 2182, 7993, 8482, 2742, 4928, 3653, 8411, 5101, 3734, 3991, 9701, 801, 4911
8067, 9493, 6535, 3182, 1549, 5840, 1928, 1594, 8539, 8186, 2762
365, 7199, 9590, 8449, 8176, 671, 7892, 5657, 6099, 5272, 422, 8914, 3032, 4996, 3313, 5491, 6352, 515
7564, 8454, 465, 8181, 7032, 7639, 1379, 2888, 7062, 1047, 7177, 3404, 825, 5886, 4817, 5332, 4406, 8373
1417, 6276, 851, 6261, 6501, 9318, 804, 3672, 803, 61, 6985, 4764, 5824, 6341, 5625, 3265, 5966, 9842
1146, 4369, 7782, 4922, 1949, 5876, 4190, 3808, 8320, 2013, 1646, 7333, 1956, 1889, 5859, 2474, 7356
3638, 9719, 6337, 9953, 7010, 7005, 472, 9610, 6398, 8496, 8082, 3207, 7424, 9688, 6604, 9147, 4522, 806, 5719, 1537
9293, 1910, 3413, 4719, 5878, 462, 1597, 4049, 2589, 6112, 1207, 6084, 7665, 8077, 826, 9057, 1170, 1164, 7314
7214, 3789, 9361, 8611, 8231, 315, 6568, 4024, 414, 5966, 2627, 9507, 9837, 9088, 4246, 9197
5168, 6557, 651, 6609, 1955, 224, 2562, 5814, 4743, 8138, 6465, 1592, 9696, 8507, 4035, 2505, 1908, 8528, 7682
4592, 9557, 5506, 8371, 3355, 779, 3181, 9636, 1554, 2962, 84, 6951, 8209, 8833, 4076, 6854
6037, 753, 2709, 5099, 8432, 7521, 5036, 7065, 3574, 4633, 4256, 2970, 2487, 3217, 6471, 6450
4379, 5755, 2713, 4299, 4914, 8897, 8380, 1240, 3643, 360, 3929, 159, 2405, 6806, 7452, 214, 407, 9117, 9225, 3579
3226, 5389, 5273, 7516, 6055, 4634, 8188, 3364, 4263, 5374
5555, 5660, 3595, 4113, 2337, 2510, 6605, 6023, 5754, 6095, 920, 9794, 5113, 2780
4616, 6235, 6986, 6478, 2300, 3712, 5444, 7064, 1379, 4558, 2651, 4123, 4150, 3459, 917, 5784
8353, 8374, 957, 659, 9855, 2485, 1369, 9971, 669, 9158, 9624, 9807
690, 9040, 1691, 9561, 7969, 7029, 3512, 928, 719, 1124, 9766, 8067, 6755, 633, 9596, 7371, 4746, 8443, 7050
7967, 3213, 2530, 2264, 9905, 6356, 9453, 8661, 5487, 2201, 5243, 9523, 2290, 8315, 8733, 7938, 6391, 1994, 9377, 1106
4104, 6033, 3091, 7938, 6670, 4538, 9088, 7064, 4239, 6036, 5855, 9554, 8719
9867, 3171, 6765, 1719, 7938, 165, 720, 3572, 8249, 8765, 6023, 4745, 9883, 5532, 6782, 9232, 4581, 3126
9055, 794, 1251, 3260, 823, 7221, 427, 7742, 7028, 2470, 9426, 7659, 8581, 2467, 4178, 6964, 3677, 5191
5100, 834, 8907, 9728, 2444, 9374, 4529, 9908, 6596, 5720, 4554, 3269, 5535, 525, 3443, 6532, 7130
2891, 5173, 7120, 8089, 1184, 1320, 4485, 5507, 3339, 1547, 2554, 990, 7606
9279, 9453, 6047, 1352, 2694, 8646, 4086, 2271, 1891, 7283, 9155
5330, 8599, 7052, 4660, 140, 1276, 9128, 6780, 5380, 5185
4228, 3680, 6931, 7450, 831, 2660, 7992, 4941, 1478, 5880, 8378
2616, 4494, 4453, 9791, 2138, 9307, 5250, 7680, 988, 6915
3297, 2503, 4609, 60, 7086, 2877, 808, 1740, 4138, 591, 5390, 9289, 7360, 6788, 6675, 2753, 6034, 6419
3480, 6676, 4848, 5479, 3695, 4855, 139, 2751, 329, 6374, 765, 9998
2527, 1033, 9982, 7359, 4842, 6016, 317, 6165, 4554, 6910, 2537, 9050, 5951
3897, 8574, 6885, 5793, 5542, 8337, 2108, 5014, 5431, 9001, 4206, 5224, 3309, 4135, 8424
7330, 4745, 7769, 6122, 6614, 1571, 9389, 9987, 486, 3596, 7983, 8334
8811, 4255, 9301, 9036, 248, 1532, 8576, 6087, 6689, 1677, 7975, 3958, 8824, 5197
4255, 8823, 613, 5992, 4302, 558, 3878, 9519, 9984, 7094, 9782, 2790, 3767, 5215, 5477, 9157, 2125
1089, 8592, 5318, 6604, 4053, 783, 5890, 6300, 7967, 9062, 7209, 1000, 4528, 5602, 3306, 3509, 5504
2805, 3115, 6078, 5115, 6448, 2743, 3140, 7675, 7080, 7081, 5093, 2839, 2982, 5751, 363
6071, 9481, 7638, 26, 6336, 3538, 4567, 3328, 1952, 2367, 6299, 9218, 6078, 5855, 9345
2107, 8598, 5903, 6309, 7070, 3951, 4182, 7697, 8822, 3431, 8709, 6641, 1734, 4642, 4639, 5949
3462, 1918, 9123, 5774, 4311, 7487, 6004, 1573, 1367, 7439, 9819, 5095, 5343, 6283, 7212, 149
5617, 8599, 8446, 9593, 1344, 915, 738, 9969, 351, 5300, 4510, 9822, 6207, 374, 9319, 7153
3798, 8952, 3912, 2749, 3699, 6539, 9557, 2723, 290, 3309, 9112, 4233, 998, 5092, 2542, 7505, 6871, 392, 6394
2436, 734, 1005, 4937, 6278, 2077, 7885, 4521, 8821, 6445, 5943, 5928, 819, 7870, 7321, 572, 8538, 4418
9360, 7393, 1309, 7365, 6155, 8999, 7048, 2344, 9228, 349, 1177, 5088, 8807, 681, 9056, 7358, 7155, 9825, 7257, 6932
1446, 9237, 4388, 3555, 1565, 9612, 6929, 4724, 6775, 6461, 9456, 8777
3861, 9903, 4752, 9917, 3880, 3832, 7746, 4490, 7118, 9572, 9864, 272, 1524, 3838, 3770, 5840, 3036, 7941, 1028
1534, 7133, 5297, 1213, 4467, 8189, 888, 5183, 1281, 2389, 1140, 3079, 9134, 2014, 5063
5868, 3964, 9586, 6565, 5468, 4814, 5533, 6807, 8730, 7876, 5623, 7918, 7934, 8892, 10000, 1940, 98
9009, 1522, 7328, 2020, 6093, 9233, 541, 8442, 8629, 8879, 2464, 1345, 6751, 181, 9394, 761, 8801, 4122
430, 5761, 4068, 6081, 5570, 4612, 3507, 5918, 8501, 8467, 2964, 6123, 5186
1708, 9198, 6673, 2585, 4638, 1281, 9541, 5998, 297, 6639, 3085
