55	12.8
45	7.2
46	7.8
55	12.8
50	10
75	24
82	28
46	8
68	20.0
64	17.8
68	20.0
104	40
118	48
118	48
302	150
200	110
1800	982
2138	1170
2000	1100
2000	1100
104	40
350	180
480	250
360	180
70	21
100	37.8
1000	537
73	23
82	28
104	40
68	20.0
68	20.0
410	210
410	210
113	45
2600	1430
34	1
36	2
12.5	7
-63	-52
302	150
77	25
212	100
390	200
160	71
160	71
200	93
375	190
445	230
72	22.2
50	10.0
53	11.7
72	22.2
36	2
42.9	23.8
64.8	36
82	27.8
94	34.4
82	27.8
11	6
72	40
-58	-50
500	260
77	25
18	10
39	4
39	4
400	200
212	100
212	100
63	17.2
26.8	14.9
77	25
86	30
68	20
68	20
64	18
56	14
59	15
400	200
29.4	16.4
65	18.3
59	15.0
65	18.3
135	57
105	40
375	190
68	20
68	20
67	19.4
65	18.3
66	18.9
66	18.9
67	19.4
65	18.3
81	27.2
67	19.4
104	40
104	40
104	40
104	40
104	40
72	22
+400	204
350	177
375	190
350	180
375	190
46	8
2600	1427
63	17.2
58	14.4
63	17.2
33.4	18.6
325	165
375	190
30	-1.1
31	-0.6
24	-4.4
17	-8.3
22	-5.6
12	-11.1
17	-8.3
11	-11.7
14	-10.0
39	3.9
30	-1.1
350	180
77	25
77	25
48	8.9
49	9.4
46	7.8
40	4.4
37	2.8
39	3.9
42	5.6
48	8.9
385	197
73	37.6
165	73.9
64	18
104	40
72	22
48.6	27
103	39.4
79	26.1
103	39.4
194	90
1600	870
1800	980
535	280
450	232
347	175
1100	600
500	260
122	50
200	93
77	25
77	25
325	160
95	35
99	37
80.6	27
1500	900
1500	900
2797	1536
2282	1250
1292	700
122	50
482	250
0	18
98.9	37.2
67	19.4
46	7.8
67	19.4
68	20.0
200	70
425	220
84	28.9
71	21.7
70	21.1
69	20.6
130	54
1832	1000
86	30
46	8
86	30
16.7	9.3
185	85
0	-18
1.3	0.7
95	35
350	180
131	55
390	200
95	35
82	28
82	28
375	190
1562	850
350	175
350	180
350	180
350	180
350	175
60	30
110	43
37	2.8
37	2.8
32	0.0
38	3.3
38	3.3
60	15.6
37	2.8
28.5	-1.9
+400	204
60	15.6
38	3.3
39	3.9
60	15.6
400	200
212	100
300	150
64	17.8
63	17.2
64	17.8
63	17.2
62	16.7
62	16.7
63	17.2
62	16.7
64	17.8
72	22.2
64	17.8
122	50
122	50
90	33
92	33
80	27
100	37.8
200	93.3
1022	550
-40	-40
175	79
350	175
350	175
350	175
79	26
82	28
72	22
2100	1150
140	60
104	40
167	75
500	260
500	260
60	15.6
85	29.4
68	20
81	27
50	10
50	10
400	200
400	200
300	150
350	180
375	190
3.6	2
50	10.0
42	5.6
63	17.2
50	10.0
95	35
400	200
950	510
37	2.8
35	1.7
37	2.8
39	3.9
36	2.2
36	2.2
37	2.8
60	15
95	35
99	37
325	175
43	6.1
56	13.3
43	6.1
-40	-40
212	100
15.1	8.4
350	175
212	100
392	200
350	175
108	42
320	160
149	+65
350	175
375	190
840	450
840	450
483	250
192	89
55	13
350	176
-40	-40
78	26
40	4.4
49	9.4
40	4.4
325	160
225	110
122	+50
64	18
400	205
375	190
170	77
325	163
350	175
48	9
29	-2
325	160
400	200
350	180
-328	-200
1800	1000
53	11.7
44	6.7
53	11.7
1	0.5
77	25
77	25
77	25
68	20
59	15
51.3	10.7
932	0.1
125	51.7
140	+60
77	25.0
53	11.7
-40	-40
-31	-35
-40	-40
77	25
74	23.3
74	23.3
95	35.0
40	4
0	-18
527	-31
1.2	0.65
140	60
176	80
98	37
450	230
450	230
140	60
130	54.5
79	26
122	50
350	180
68	20
+176	+80
120	48
70	22
68	20
70	21.1
41	5.0
36	2.2
70	21.1
465	240
1000	540
64	17.8
55	12.8
64	17.8
2349	1287
350	177
64	18
75	24
64	17.8
50	10.0
48	8.9
48	8.9
62	16.7
48	8.9
200	93.3
400	204
72	22
81	27
93	34
90	32
425	218
3632	2000
65	18.3
450	232
570	300
10	100
32	0.2
75	24
10	-12
120	50
122	50
40	4.4
50	10.0
40	4.4
500	260
122	50
22	-6
212	100
257	125
19.2	10.7
73	17
73	17
69	21
69	21
69	21
69	14
350	177
50	10
83	28
1650	899
2000	1093
72	22
140	60
36	2
325	160
225	107
200	93
110	43
110	43
100	38
104	40
240	115
275	140
83	28.3
70	21.1
69	20.6
69	20.6
60	15.6
83	28.3
74	23.3
51	10.6
35	1.7
34	1.1
40	4.4
74	23.3
27	-3
25	-4
22	-6
16	-16
15	-9.5
12	-11
10	-12
5	-15
0	-18
-5	-19
-6	-20
-10	-23
-10	-23
-40	-40
47	8.3
59	15.0
47	8.3
45	7.2
49	9.4
50	10.0
52	11.1
72	22.2
47	8.3
400	200
50	10.0
52	11.1
71	21.7
36	2.2
40	4.4
47	8.3
36	2.2
425	200
350	175
400	205
48	8.9
65	18.3
48	8.9
-40	-40
15.8	8.8
10.2	5.7
28.8	16
18.2	10.1
50	10
71.8	22.1
47	8.3
47	8.3
51	10.6
60	15.6
47	8.3
52	11.1
79	26.1
52	11.1
42	5.6
51	10.6
66	18.9
400	200
41	5
135	57
150	65
150	65
45	7
70	21
2700	1482
70	21
5.8	3.2
11.6	6.4
73	23
370	190
345	175
356	180
392	200
150	66
43.2	24
346	210
-20	-29
72	22.2
101	38.3
350	180
50	10.0
49	9.4
71	21.7
50	10.0
60	15
78	25
79	26
250	120
49	9.4
69	20.6
49	9.4
59	15.0
59	15.0
86	30
66	19
-7	-22
69	20.6
50	10.0
58	14.4
55	12.8
59	15.0
53	11.7
69	20.6
40	4.4
41	5.0
34	1.1
37	2.8
36	2.2
41	5.0
40	4.4
500	260
350	180
77	25
1472	800
57	14
158	70
74	23.3
74	23.3
89	31.7
74	23.3
48	9
104	40
48	8.9
55	12.8
48	8.9
350	177
40	4.4
69	20.6
40	4.4
350	175
200	93
375	190
82	28
87	30.6
74	23.3
74	23.3
75	23.9
73	22.8
73	22.8
87	30.6
72	22.2
71	21.7
71	21.7
70	21.1
70	21.1
69	20.6
65	18.3
69	20.6
90	32.2
72	22.2
113	45
69	20.6
58	14.4
56	13.3
77	25.0
76	24.4
73	22.8
76	24.4
78	25.6
77	25.0
4.1	2.3
-22	22
350	175
45	7
55	13
95	35
110	43
329	165
96	36
450	232
106	41.1
100	38
200	93
400	200
400	200
140	60
275	140
45	7.2
50	10.0
45	7.2
77	25
77	25
75	23.9
75	23.9
75	23.9
75	23.9
81	27.2
75	23.9
325	170
86	+30
185	85
140	60
360	180
302	150
355	180
77	25
32	0
77	25
77	25.0
52	11.1
59	15.0
58	14.4
63	17.2
77	25.0
350	180
95	35
42	23.4
37	2.8
37	2.8
76	24
76	24
600	316
100	38
50	28
158	+70
158	+70
46	7.8
45	7.2
46	7.8
48	8.9
67	19.4
46	7.8
1238	670
21	6
72	22.2
53	11.7
52	11.1
50	10.0
59	15.0
72	22.2
122	50
185	85
1022	550
71	21.7
92	33.3
77	25
43	6.1
46	7.8
43	6.1
350	176
355	180
355	180
400	205
400	205
50	10
85	29
572	300
57	13.9
52	11.1
71	21.7
57	13.9
61	16
72	22
44	6.7
36	2.2
40	4.4
33	0.6
38	3.3
38	3.3
41	5.0
44	6.7
122	50
53.6	3
55	12.8
43	6.1
58	14.4
73	22.8
55	12.8
85	29.4
106	41.1
64	18
120	49
115	46
55	13
390	200
350	180
47	8.3
50	10.0
47	8.3
28	-2
176	80
134	57.8
94	34.4
94	34.4
47	8.3
73	22.8
47	8.3
104	40
72	22
400	200
73	22.8
58	14.4
71	21.7
65	18.3
71	21.7
75	24
50.9	10.5
65	18.3
53	11.7
65	18.3
63	17
63	17.2
64	17.8
62	16.7
61	16.1
62	16.7
63	17.2
5	-15
82	27.8
75	23.9
75	23.9
82	27.8
501	816
60	15.6
69	20.6
75	23.9
77	25.0
63	17.2
75	23.9
60	15.6
77	25
78	55
180	82
210	99
662	350
122	50
300	149
176	-80
176	-80
430	220
300	150
50	-10
46	8
1800	1000
356	180
70	21.1
49	9.4
70	21.1
350	177
350	178
425	83
34	1
425	220
171	77
27	-3
30	-1
37	3
50	10
-22	-30
78.8	26
75.2	24
400	200
51	10.6
35	1.7
38	3.3
46	7.8
45	7.2
41	5.0
42	5.6
38	3.3
51	10.6
75	23.9
122	50
400	204
55	12.8
80	26.7
55	12.8
105	41
221	105
230	110
28	-5
40	5
103	39.4
80	26.7
77	25.0
103	39.4
95	35
86	25
-6	-21
275	135
86	30
0	-18
200	97
310	160
100.4	38
65	18.3
41	5.0
36	2.2
48	8.9
65	18.3
113	45
70	21
46	8
57	14
11.9	6.6
66.0	18.9
44	6.7
41	5.0
43	6.1
48	8.9
52	11.1
44	6.7
24	-4.5
3.6	2
425	220
72	22
22.6	12.6
16.9	9.4
145	63
50	10.0
67	19.4
104	40
113	45
104	40
59	15
350	177
176	80
350	180
350	175
350	180
240	115
77	25
400	200
74	23.3
59	15.0
32	0
82	28
230	110
2000	1094
158	70
430	220
390	200
170	78
195	90
270	130
500	260
500	260
500	260
430	220
390	200
145	62
20	-6
20	-6
110	43
100	38
11	6
67.5	19.7
67.5	14.2
62.4	16.9
72	22.2
62	16.7
72	22.2
86.0	30
122.0	50
86	30
68	20
79	26
375	190
350	177
35.1	1.7
104	40
0	-17
89	31.7
77	25.0
78	25.6
78	25.6
80	26.7
77	25.0
89	31.7
9	5
46	8
38	3.3
54	12.2
60	15.6
54	12.2
68	20
45	7
59	15
320	160
15	-9
37	2.8
55	12.8
68	20.0
37	2.8
62	16.7
45	7.2
49	9.4
50	10.0
62	16.7
113	45
46	7.8
45	7.2
47	8.3
48	8.9
58	14.4
46	7.8
350	175
80	26.7
65	18.3
64	17.8
67	19.4
80	26.7
190	87.8
-40	-40
90	32.2
73	22.8
73	22.8
74	23.3
72	22.2
74	23.3
73	22.8
74	23.3
90	32.2
78	25.5
104	40
77	25
340	170
86	30
350	180
1.5	0.83
24.6	13.7
0.9	0.5
86	30
84.2	29.4
425	220
450	230
425	220
350	175
400	205
400	205
450	230
375	190
45	7
125	52
428	220
+105	+40
375	190
61	16
43.2	24
50	10
64	18
95	22
200	93
392	160
350	204
44.6	24.8
67.7	37.6
180	82
23	-5
68	20
50	10.0
26	-3.3
30	-1.1
24	-4.4
32	0.0
50	10.0
250	130
47	15
92.3	33.4
46.4	8
92.3	33.4
67	19.4
45	7.2
45	7.2
35	1.7
35	1.7
35	1.7
40	4.4
44	6.7
50	10.0
53	11.7
47	8.3
67	19.4
1220	660
49	10
65	18.3
39	3.9
65	18.3
65	18.3
71	21.7
48	8.9
71	21.7
40	4.4
36	2.2
53	11.7
40	4.4
29.6	16.4
113	45
72	22
71	22
72	22
72	22
74	24
74	23
75	24
51	10.6
60	15.6
51	10.6
53	8
325	180
11.2	24
1400	760
103	39
39	3.9
46	7.8
76	24.4
28.7	15.9
48.4	26.9
79	26.1
54.1	12.3
59.6	15.3
48.7	9.3
3.6	2
39	4
104	40
95	35
+176	80
78	25.5
94	13
43	6.1
46	7.8
52	11.1
43	6.1
325	160
70	21.1
55	12.8
70	21.1
82	27.8
74	23.3
73	22.8
74	23.3
73	22.8
75	23.9
82	27.8
64	17
350	170
122	50
3.6	2
3.6	2
3.6	2
77	25
134	56.7
140	60
-94	-70
300	133
194	90
66	19
-40	-18
77	25
42	5.6
61	16.1
42	5.6
45	7
59	15.0
49	9.4
48	8.9
59	15.0
200	100
50	10.0
72	22.2
125	51.7
20	-7
43	+6
38	3.3
200	93
570	300
355	180
88	31.1
73	22.8
88	31.1
59	15.0
50	10.0
59	15.0
350	175
350	175
260	125
210	100
89	32
350	180
41	5
35	2
158	70
118	48
10	-12.2
110	43.3
84	28.9
84	28.9
81	27.2
83	28.3
86	30.0
93	34
194	90
140	60
140	60
2642	1450
1	-17.22
122	50
320	160
101	38.3
86	30.0
400	205
190	88
210	99
64	18
55	13
59	15
64	18
45	7
59	15
59	15
55	13
50	10
86	30
-4	-20
430	225
95	35
130	55
250	+121
140	60
3.5	0.65
17	-8
141	60.5
141	60.5
375	190
350	180
24	13.3
24.7	13.7
80	27
1382	750
110	45
52	11.1
43	6.1
73	22.8
52	11.1
80	26.7
83	28.3
81	27.2
86	30.0
87	30.6
87	30.6
86	30.0
86	30.0
103	39.4
80	26.7
64.4	18.00
200	90
325	160
45	7.2
45	7.2
68	20
77	25
86	30
250	121
340	170
65	18
5430	3000
530	280
1110	600
158	70
400	204
77	25
120	49
79	26.1
60	15.6
62	16.7
79	26.1
240	115
14	-15
400	190
40	4.4
100.4	38
70	21
67	20
69	21
67	20
67	19
69	21
68	20
356	180
79	26.1
48	8.9
51	10.6
79	26.1
58	14.4
61	16.1
69	20.6
58	14.4
-4	-20
176	80
68	20
140	60
140	60
65	18.3
64	17.8
65	18.3
109	43
68	20
28	15.6
37.3	20.7
32	0
23	12.8
120	49
46	7.8
45	7.2
52	11.1
42	5.6
71	21.7
58	14.4
55	12.8
54	12.2
58	14.4
350	180
-22	15
325	160
0	-18
63	17.2
430	220
425	220
320	160
46	7.8
39	3.9
41	5.0
46	7.8
46	7.8
88	31.1
52	11.1
53	11.7
72	22.2
70	21
16	9
450	220
46	8
0.85	0.47
22	12
350	180
77	25
122.0	50
1.62	0.9
1.8	1
375	190
300	150
50	10
+32	0
53	11.7
64	17.8
63	17.2
45	7.2
53	11.7
71	21.7
71	21.7
2800	1538
375	190
51	10.6
33	0.6
26	-3.3
25	-3.9
13	-10.6
33	0.6
31	-0.6
33	0.6
51	10.6
46	8
100	37
20	-7
70	21
54	12
350	180
375	190
86	30.0
86	30.0
30	-1
89.6	32
72	22
77	25
84	2
350	175
40	4.0
40	4.0
62	16.7
63	17.2
45	7.2
63	17.2
63	17.2
42	5.6
46	7.8
63	17.2
140	60
626	330
77	25
450	232
380	215
410	195
77	25
36	2
350	160
75	23.9
92	33.3
84.9	29.4
1000	538
46	8
46	8
46	8
350	180
47	8.3
42	5.6
38	3.3
32	0.0
36	2.2
41	5.0
38	3.3
47	8.3
+185	+85
49	9.4
43	6.1
78	25.6
49	9.4
160	71
475	250
59	15
104	40
81	27.2
104	40.0
88	31
56	13.4
113	45
41	5
43	6
300	150
200	93
70	21.1
52	11
66	19
72	22
350	177
350	177
84	29
149	65
149	65
158	70
2.5	1.4
14	-10
350	175
72	24
-4	-20
122	50
-4	-20
44	6.7
36	2.2
26	-3.3
25	-3.9
28	-2.2
30	-1.1
60	15.6
53	11.7
49	9.4
49	9.4
51	10.6
49	9.4
60	15.6
60	15.6
67	19.4
49	9.4
44	6.7
67	19.4
104	40
93	34
350	180
-105	40
7	-14
105	40
400	204
100	37
104	+40
85	29.5
350	175
450	232
62	16.7
37	2.8
41	5.0
140	60
50	10
46	7.7
266	130
55	13
47	8
57	14
56	13
56	13
58	14
57	14
350	180
176	80
325	160
425	220
400	204
77	25
2.1	1.2
15.1	8.4
140	60
212	100
+104	+40
30	-1.1
33	0.6
41	5.0
43	6.1
30	-1.1
350	180
930	500
162	72
400	200
300	150
77	25
82	28
56	13.3
36	2.2
67	19.4
56	13.3
26	-32
43	6
70	21.1
30	-20
167	75
104	40
76	24.4
65	18.3
47	8.3
96	35.6
76	24.4
75	23.9
74	23.3
76	24.4
76	24.4
75	23.9
96	35.6
51	10.6
49	9.4
51	10.6
46	7.8
48	8.9
72	22.2
51	10.6
67	19.4
35	2
-150.9	-101.6
70	21
32	0
325	160
32	0.0
33	0.6
28	-2.2
29	-1.7
30	-1.1
29	-1.7
35	1.7
37	2.8
35	1.7
39	3.9
39	3.9
32	0.0
36	20
77	25
122	50
104	40
356	180
140	60
55	13
63	17
2600	1426
98.6	37
90	32.22
30	-1
86	30
64	18
89.5	32
86	30
89.5	32
62	16.7
60	15.6
64	17.8
73	22.8
62	16.7
1500	815
200	95
50	10
12	7
100	38
40	7
400	200
50	10
71	16
75	23.9
64	17.8
62	16.7
63	17.2
63	17.2
58	14.4
64	17.8
75	23.9
100.4	38
109.9	43.3
77	-25
39	3.9
46	7.8
55	12.8
38	3.3
40	4.4
48	8.9
55	12.8
180	82
0.65	0.36
1.93	1.07
75	24
70	21
46	8
38	3
375	190
34	1
500	260
0.5	0.3
51	10.6
50	10.0
59	15.0
51	10.6
113	45
86	30
43	6.1
40	4.4
900	482
1050	566
9	-13
320	160
50	565
86	30
71	21.7
71	21.7
84	28.9
249	121
97	40
76	24.4
56	13.3
200	90
54	12.2
39	3.9
52	11.1
54	12.2
62	16.7
51	10.6
62	16.7
78	25.6
78	25.6
77	25.0
77	25.0
78	25.6
79	26.1
79	26.1
83	28.3
78	25.6
122	50
46	7.8
68	20.0
46	7.8
65	18
360	180
91	32.8
70	21.1
91	32.8
-20	-30
75	23.9
74	23.3
73	22.8
74	23.3
76	24.4
94	34.4
75	23.9
60	15.6
43	6.1
350	176
350	180
78	25.6
59	15.0
63	17.2
67	19.4
67	19.4
66	18.9
65	18.3
64	17.8
62	16.7
78	25.6
77	25
932	500
37	3
33.4	0.8
869	465
325	160
60.26	15.7
1	-17.22
1940	1060
32	0
410	210
125	50
300	150
80	27
122	50
39.2	4
86	30
39.2	4
325	160
190	90
-49	-45
194	90
932	500
356	180
356	180
86	30
29	-2
425	220
70	21
1333	720
2000	1093
2000	1093
-63	-52
360	180
212	100
77	25
400	204
53	12
104	40
70	21.1
44	6.7
41	5.0
49	9.4
45	7.2
49	9.4
51	10.6
47	8.3
50	10.0
70	21.1
140	60
29	16.1
14.1	7.9
68	20
46	7.8
32	0.0
23	-5.0
27	-2.8
46	7.8
40	4
-12	-24
120	-37.4
63	16
400	180
1500	800
42	5
-36	-38
65	18
375	190
203	90
78.8	26
102	39
66	18.9
47	8.3
66	18.9
350	175
37	2.8
42	5.6
37	2.8
50.1	27.8
63.9	35.5
77	25
200	94
572	300
140	60
1.4	0.8
11	6
345	175
105	40
32	0
104	+40
140	60
158	+40
62	17
68	20
400	200
59	15.0
51	10.6
-4	-20
325	175
32	0
1800	980
75	23.9
53	11.7
75	23.9
340	170
245	120
33	0.6
37	2.8
36	2.2
33	0.6
28	-2.2
35	1.7
28	-2.2
28	-2.2
41	5.0
33	0.6
1420	771
32	0
70	21.1
71	21.7
76	24.4
74	23.3
72	22.2
91	32.8
70	21.1
56	13.3
56	13.3
14	-10
350	175
315	157
375	190
27	15
20	-28.8
350	180
95	35
425	220
425	220
300	148
104	40
10.5	5.8
12.7	7
59	15
52	11.1
35	1.7
40	4.4
37	2.8
52	11.1
68	20
32	0
400	200
104	40
350	180
78	26
140	60
250	121
72	22.2
70	21.1
70	21.1
83	28.3
62	16.7
51	10.6
44	6.7
48	8.9
50	10.0
46	7.8
47	8.3
47	8.3
67	19.4
85	185
65	18.3
51	10.6
65	18.3
37	2.8
34	1.1
37	2.8
46	7.8
51	10.6
350	180
360	180
450	260
77	25
1000	540
35	2
32	0
450	232
350	175
97	21
165	74
550	290
10.4	0.28
70	21.1
69	20.6
67	19.4
70	21.1
67	19.4
64	17.8
140	60
40	4
1.3	0.7
68	20.0
69	20.6
68	20.0
67	19.4
69	20.6
71	21.7
71	21.7
69	20.6
85	29.4
68	20.0
300	150
400	200
340	170
375	190
110	43
212	100
1	0.5
430	180
122	50
+176	+80
90	32
41	5.0
40	4.4
46	7.8
49	9.4
54	12.2
41	5.0
375	170
83	28
115	46.1
117	47.2
32	0
75	24
84	29
86	30.0
72	22.2
72	22.2
72	22.2
86	30.0
73	23
84	29
375	190
195	90
250	120
83	28.3
81	27.2
82	27.8
83	28.3
85	30
74	24
72	22
84	29
71	22
84	29
84	29
73	23
+158	+70
87.8	31
0	-18
176	80
77	25
-4	-20
-20	-29
-20	-29
482	250
84	29
3.6	1.5
158	70
122	50
108	42
51	10.6
55	12.8
25	-3.9
38	3.3
47	8.3
55	12.8
0	18
75	26
-40	40
0	18
9	-13
400	200
86	30
500	260
86	30
194	94
350	180
311	155
284	140
266	130
27	-3
30	-1
25	-4
41	+5
59	+15
3	-16
420	215
104	40
390	200
390	200
54	12
392	200
1328	720
15	8.4
74	23.3
57	13.9
74	23.3
400	200
19	10.5
72	22.2
94	34.4
72	22.2
165	74
392	200
78	25.6
62	16.7
78	25.6
400	200
83	28.3
69	20.6
64	18
56	14
42	5.6
40	4.4
43	6.1
45	7.2
42	5.6
41	5.0
42	5.6
151	66
32	0
1	0.56
65	18.3
-40	-40
325	165
185	180
100	37.5
77	25.0
77	25.0
77	25.0
89	31.7
77	25.0
-22	-30
28	-2
77	25
752	400
935	500
752	400
300	150
86	30.0
86	30.0
392	200
90	32
302	150
644	340
22.2	12.3
250	120
4.5	2.5
66	18.9
425	220
59	15.0
40	4.4
59	15.0
80	26
72	22
64	17.8
42	5.6
64	17.8
350	180
50	10.0
68	20.0
75	24
210	99
300	150
428	220
356	180
500	260
85	29.4
67	19.4
77	25
59	15.0
29	-1.7
37	2.8
185	85
350	180
72	22.2
46	7.8
72	22.2
54	12
41	5
30.6	0.8
50	10
122	50
340	170
77	25
113	40
175	79
180	82
212	100
400	200
350	180
65	16
437	225
650	340
300	148
104	40
52	11.1
51	10.6
54	12.2
58	14.4
59	15.0
66	18.9
16.2	9
75	25
60	10
67	19.4
46	7.8
67	19.4
100	40
100	40
375	190
58	14.4
80	26.7
58	14.4
55	10
360	180
320	160
+105	+40
140	60
260	127
34	1.1
62	16.7
34	1.1
1750	590
200	93
355	180
14.6	8.1
176.0	80.0
325	150
1400	760
104	40
350	180
104	40
66	18.9
52	11.1
66	18.9
6.8	-14
212	100
43	6.1
71	21.7
86	30
350	177
400	200
43	6.1
37	2.8
52	11.1
43	6.1
158	70
435	225
350	175
351.1	177.3
2750	1510
60	15
27.7	15.4
102	38.9
80	26.7
80	26.7
82	27.8
102	38.9
64	18
74	23.3
74	23.3
73	22.8
73	22.8
74	23.3
74	23.3
85	29.4
74	23.3
18	10
2.6	1.5
-109.0	-78.5
7200	4000
500	260
158	70
390	200
57	14
68	20
425	220
70	22
86	30
20	11
210	99
392	200
42.4	5.8
99.7	38
79.3	26.3
70	21
10	6
48	8.9
43	6.1
36	2.2
66	18.9
48	8.9
+266	+130
95	35
225	107
300	150
104	40
77	25
72	22
64	18
42	6
250	121
41	5
59	15
104	40
50	10.0
50	10.0
19	-7
50	28
50	28
50	28
350	175
550	288
+180	+82
32	0
70	21
37	3
60	15
41	5
70	21
1562	850
400	200
4.1	2.3
43.1	23.9
25	4
-67	-55
-4	-20
-17.5	-27.5
5	-15
-3.5	-19.7
21.6	12
-67.5	-55.3
-93.1	-69.5
-0.4	-18.0
22.5	12.5
3.2	-16.0
67	19.4
42	5.6
43	6.1
43	6.1
67	19.4
320	160
77	25
425	220
95	35
98.6	0.5
140	60
130	55
64	17.8
64	17.8
58	14.4
50	10.0
61	16.1
80	26.7
64	17.8
203	95
400	205
70	22.2
59	33
0.9	0.5
0.4	0.22
11.5	6.4
104	40
350	180
2	+25
2	1
1	0.5
51	10.6
90	32
70	21
36	2
180	82
266	60
86	30
48	9
425	220
400	205
375	190
113	45
37	2.8
35	1.7
35	1.7
35	1.7
45	7.2
37	2.8
70	20
15	-9
400	180
60	15.6
32	0.0
27	-2.8
32	0.0
68	20
68	20
122	50
2.7	1.2
356	180
356	180
900	480
400	200
350	177
350	177
212	100
75	24
90	32
-45	-43
86	30
1215	657
61	16
72	22
68	20
63	17
62	17
400	200
400	200
95	35
440	225
325	163
110	43
40	4.4
86	30
500	260
5.6	3.1
122	50
185	85
375	190
65	18
50	10
3092	1700
86	30
53	11.7
62	16.7
392	200
77	25
150	65
50	10.0
103	39.4
55	12.8
54	12.2
73	22.8
61	16
0.11	0.06
49	9.4
48	8.9
49	9.4
37	3
57	14
50	10
74	25
752	400
390	200
140	60
73	23
104	40
125	52
85	29
1290	800
350	180
350	175
104	40
80	27
40	4
-353	-214
-40	-40
100	38
-40	-40
127	53
86	30
72	22
41	5
68	20
104	40
63	17
55.5	13
77	25
77	25
32	0
55.5	13
59	15
100	40
464	240
76	24
350	177
77	25
50	10.0
70	21.1
320	160
350	180
66	18.9
53	11.7
54	12.2
66	18.9
77	25
350	175
60.6	15.9
27	-2.8
91	32
400	200
977	525
86	30
350	180
50	10
70	21
60	15.6
41	5.0
41	5.0
44	6.7
60	15.6
81	27
43	6
61	16
400	200
400	200
-4	-20
44	6.7
43	6.1
44	6.7
57	13.9
44	6.7
896	480
375	190
3.6	2
77	25
100	37.8
130	57
400	200
41	5
97	36
-108	-78
330	160
+140	+60
284	140
400	200
100	38
100	38
72	22.2
53	11.7
2	1
350	190
350	177
230	110
275	130
65	18
300	160
1000	538
1300	704
180	82
94	34.4
94	34.4
77	25
66	19
84	29
79	26
66	19
77	25
53	12
61	16
61	16
100.4	38.0
550	228
375	190.5
170	77
450	230
165	75
80	27
81	27
74	23
83	28
85	29
79	26
87	31
80	27
87	31
86	30
76	24
82	28
20	10
390	200
822	439
4417	2400
1652	900
-364	-220
2300	1260
2732	1500
3680	2030
68	20
105	40
68	20
350	180
390	200
76	24.4
11.5	-11.4
-43.6	-42
25	4
350	180
200	100
95	35
325	170
176	80
150	66
150	66
104	40
325	165
121.3	49.6
104.3	40.11
107.6	42
95	35
89	31.86
102	39
100	38
1.8	1
350	180
72	22
-30	-34
65	18.3
45	7.2
65	18.3
52	11.1
63	17.2
70	21.1
122	+50
100	38
350	180
117	47
104	40
16	-9
77	25
85	29
867	464
86	30
350	180
21.9	12.1
70	20
350	175
+68	+20
225	107
30	-1
165	74
1.1	0.6
56	13.3
51	10.6
56	13.3
350	180
140	60
36	2
64	17.8
64	17.8
63	17.2
65	18.3
65	18.3
76	24.4
64	17.8
+140	+60
71	21.7
71	21.7
47	8.3
69	20.6
375	190
49	9.4
48	8.9
47	8.3
44	6.7
44	6.7
70	21
80	27
65	18
55	13
101	38.3
78	25.6
83	28.3
83	28.3
39	3.9
64	17.8
76	24
392	+200
126	52
90	32
113	40
400	200
400	200
5.4	3
400	200
104.5	40.3
390	199
70	21.1
62	16.7
82	27.8
70	21.1
185	85
350	180
325	160
82	27.8
80	26.7
77	25.0
82	27.8
80	26.7
82	27.8
80	26.7
78	25.6
79	26.1
100	37.8
82	27.8
67	20
56	13
68	20
59	15
212	1350
85	29.4
81	27.2
78	25.6
80	26.7
81	27.2
80	26.7
82	27.8
78	25.6
85	29.4
89	31.7
89	31.7
185	85
392	200
58	14.4
50	10.0
54	12.2
58	14.4
39.4	4.1
29.3	-1.5
29.6	-1.3
19.6	-6.9
325	160
55	12.8
56	13.3
55	12.8
67	19.4
55	12.8
41	5
+35	2
50	10
999	535
43	6
100.9	38.3
25	-3.8
30	-1.1
35	1.7
40	4.5
410	210
60.8	16
96.8	36
77	25
46	8
58	14.4
62	16.7
64	17.8
65	18.3
61	16.1
65	18.3
88	31.1
58	14.4
54	12.2
54	12.2
375	190
212	100
51	10.6
53	11.7
54	12.2
56	13.3
49	9.4
50	10.0
47	8.3
50	10.0
69	20.6
51	10.6
86	30
124	51
800	425
-150	-100
65	18.3
2850	1565
1832	1000
-320.5	-195.8
47	8.3
31	-0.6
31	-0.6
31	-0.6
39	3.9
36	2.2
34	1.1
35	1.7
33	0.6
47	8.3
95	35
86	30
86	30
64	18
64	18
3035	1670
82	27.8
340	171
325	165
1382	750
392	200
73	23
355	180
40	4
40	4
+302	+150
43	6
-10	-18
-35	-37
32	0
350	170
550	280
600	300
175	80
51	10.6
41	5.0
69	20.6
51	10.6
212	100
2100	1149
86	30
500	260
3.6	2
1.8	1.0
2.5	1.0
3.6	2
375	190
117	47
230	110
230	110
1.46	0.81
77	25.0
65	18.3
63	17.2
82	27.8
102	38.9
82	27.8
52	11.1
62	16.7
52	11.1
350	175
60.3	33.5
49	9.4
38	3.3
31	-0.6
26	-3.3
43	6.1
49	9.4
350	180
400	204
350	180
7.3	4.1
19.4	10.8
-200	-129
-70	-75
90	32
91	32.8
82	27.8
91	32.8
325	165
350	177
370	188
100	37.8
122	50
95	35
50	10
100	38
77	25
80	27
425	220
33.7	18.7
22.7	12.6
40	5
95	35
40	5
80	27
103.5	39.7
59	15
75	38
89	23
302	150
375	180
75	24
56	13.3
75	24
91	33
60	15.6
86	30.0
2	1
158	+70
400	204
275	135
25	-3.9
65	18.3
57	13.9
52	11.1
65	18.3
48	8.9
73	22.8
48	8.9
9.1	5.1
23.8	13.2
482	250
2000	1093
100	37.8
100	37.8
44	6.7
31	-0.6
29	-1.7
26	-3.3
22	-5.6
28	-2.2
28	-2.2
33	0.6
35	1.7
37	2.8
44	6.7
64	18
+356	+180
83	28
82	28
84	29
83	29
83	28
82	28
82	28
62.5	34.7
2192	1200
3632	2000
320	160
350	160
149	65
230	110
309	154
390	199
500	260
108	42
144	62
199	93
261	127
320	160
379	193
450	232
554	290
129	54
180	82
230	110
280	138
331	166
379	193
435	224
500	260
56	13
88	31
120	49
32	0
86	30
140	60
194	90
375	190
19	-7
350	180
250	120
932	500
104	+40
400	200
46	8
130	55
34	1.1
31	-0.6
31	-0.6
34	1.1
32	0.0
30	-1.1
30	-1.1
31	-0.6
34	1.1
2	1
5.5	3
1	0.5
6.3	3.5
104	35
77	25
205	400
320	160
6	-14
36	2.2
41	5.0
33	0.6
31	-0.6
480	249
78.4	25.8
122	50
1333	723
1700	925
-10	-18
86	30
80	26.7
80	26.7
78	25.6
77	25.0
93	33.9
80	26.7
89	32
180	82
375	190
68	20
86	30
50	10.0
49	9.4
62	16.7
50	10.0
128.48	53.6
30	-1
9	5
43.7	24.3
13.4	7.5
111	44
50	10
66	18.9
40	4.4
60	15.5
60	15.5
60	15.5
40	4.4
30	1.1
60	15.5
25	1.1
82	28
140	60
-74	-58.9
425	220
59	15
59	15
59	15
59	15
59	15
59	15
59	15
59	15
59	15
59	15
59	15
45	7.2
31	-0.6
35	1.7
37	2.8
67	19.4
45	7.2
44	6.7
41	5.0
36	2.2
80	26.7
44	6.7
69	21
43	6
154	68
154	68
176	80
77	25
49	9.4
64	17.8
53	11.7
61	16.1
53	11.7
104	40
158	70
86	30
69.8	21
52	11.1
41	5.0
68	20.0
180	82
275	135
66	18.9
76	24.4
66	18.9
302	150
10	5.6
257	125
257	125
104	40
14	25
46	8
104	40
58	14.4
37	2.8
40	4.4
34	1.1
43	6.1
58	14.4
14	-10
250	121
350	175
425	220
70	21
95	35
1800	1000
79	26
350	180
230	110
52	11.1
51	10.6
52	11.1
62	16.7
52	11.1
129	54
56	13.3
54	12.2
58	14.4
56	13.3
1650	900
72	22
4	28
392	200
248	120
62	16.7
50	10.0
45	7.2
53	11.7
62	16.7
77	25
257	+125
50	10.0
38	3.3
45	7.2
52	11.1
50	10.0
47	8.3
62	16.7
50	10.0
275	135
320	160
46	8
61	16
73	23
86	30
302	150
350	180
95	35
79	26.1
69	20.6
79	26.1
350	175
75	24
1	-17.22
2100	1150
0.9	+0.59
56.7	13.7
2.3	1.3
0.5	0.3
5.5	3
90	32.2
69	20.6
69	20.6
90	32.2
-91	-68.3
27.9	15.5
28.3	15.7
572	300
30	14
63	17.2
39	3.9
58	14.4
60	15.6
53	11.7
56	13.3
55	12.8
40	4.4
63	17.2
59	15
100	37.8
17.9	10
34	18.9
80	26.6
158	70
58	14
77	25
47	8
33	1
450	232
40	4
76	24.4
76	24.4
900	482.2
350	180
100.4	38
65	4
350	180
10	-12
-14	-25
140	60
250	130
+167	+75
+167	+75
68	20
17.8	9.9
11.5	6.4
400	200
400	200
356	180
105	40.6
300	150
9941	5505
300	149
500	260
210	100
80	26.7
69	20.6
59	15.0
64	17.8
80	26.7
75	28
69	20.6
52	11.1
50	10
34	1.1
75	23.9
221	105
160	70
325	160
100	38
338	170
400	204
325	160
325	160
85	29.5
-112	-80
45	7.2
-22	-30
50	10
300	149
41.6	23.1
129.2	53.4
129.2	54.0
86	30
325	165
248	120
248	120
2460	1350
176	80
41	+5
56.12	+13.4
-334	-203
77	25
63	17.2
59	15.0
63	17.2
+350	+177
77	25
84	29
350	176
54	12
106	41
600	316
400	204
2200	1200
77	25
350	180
47	8.3
46	7.8
67	19.4
350	180
66.43	-19.13
41	5.0
46	7.8
55	12.8
41	5.0
72	22
44.6	7
158	70
52	11
221	105
420	216
34	1
34	1
36	2
39	4
45	7
48	9
54	12
52	11
50	10
45	7
39	4
36	2
76	24.4
64	17.8
350	180
65	18.3
1000	540
212	100
113	45
70	21
25	32
425	220
43	6
450	230
350	175
375	190
32	0
41	5
180	82
700	400
49	9.4
45	7.2
38	3.3
41	5.0
51	10.6
49	9.4
-260	-162
473	135
32	0
158	+70
100	37.8
78	25.6
79	26.1
68	20.0
100	37.8
20.6	11.5
475	245
64.5	18
284	140
140	60
25	13.9
160	70
410	210
1860	1015
64	18
73	23
74	23.3
73	22.8
84	28.9
74	23.3
68	20
98.6	37
500	260
81	27.2
102	38.9
81	27.2
5	-15
50	10
6	37
2	39
55	13
400	200
48	9
194	90
77	25.0
69	20.6
67	19.4
67	19
55	13
482	+250
-315	-112
375	190
375	190
62	17
48	9
69	20.6
51	10.6
69	20.6
91.0	32.8
482	250
350	180
92	33.3
75	23.9
210	100
150	67
250	120
140	60
250	120
930	500
122	50
79	26.1
66	18.9
69	20.6
79	26.1
81.1	27.3
36	20
76	24.4
101	38.3
+545	+285
79.7	26.5
0	5
-129	-89.4
500	260
53	11.7
65	18.3
53	11.7
61	16
50	10
400	200
23.8	13.2
59	15
200	93
97	36
129.2	54.0
46	7.8
73	22.8
130	54
79	26
92	33
83	28
350	160
45	7
51	10
44	7
325	163
59	15
482	250
-321	77
105	40.6
140	60
63	17.2
58	14.4
59	15.0
302	150
2642	1450
185	85
37	2.8
47	8.3
37	2.8
79	26
104	40
40	4
40	4
33.8	1
80	26.7
56	13.3
63	17.2
58	14.4
69.8	21
350	180
350	180
68	20.0
58	14.4
56	13.3
35	1.7
27	-2.8
26	-3.3
33	0.6
56	13.3
150	66
120	50
120	49
101.6	38.6
70	22
77	25
61	16
54	12
350	160
16	-9
300	150
90	32
0	-18
338	170
53	11.7
67	19.4
63	17.2
65	18.3
73	22.8
161	71.7
175	80
8.5	4.7
41	5
68	20
5.8	3.2
1.4	0.8
0.7	0.4
86	30
86	30
86	30
86	30
86	30
35	1.7
34	1.1
23	-5.0
24	-4.4
27	-2.8
39	3.9
35	1.7
350	180
428	220
53	11.7
46	7.8
46	7.8
42	5.6
45	7.2
46	7.8
53	11.7
248	125
495	257
84	29
53	11.7
74	23.3
71	21.7
49	9.4
450	230
190	87
80	26.7
84	28.9
80	26.7
52	11
61	16
145	63
0.9	0.5
12	-11
350	180
425	220
9	-13
99	37
428	220
1	1
46	7.8
78	25.6
46	7.8
110	3
120	200
350	177
355	180
70	21
90	32
56	13
75	24
63	17
84	29
108	42.2
3.6	2
14.8	8.2
7.8	4.3
1500	815
66	19
57	14
99	37.2
88	31.1
78	25.6
79	26.1
67	19.4
88	31.1
350	180
239	115
39	3.9
51	10.6
125	52
20	-7
84	29
60	15
400	200
350	180
350	195
47	8.3
68	20.0
47	8.3
400	204
165	74
350	180
95	35
500	260
61	16.1
61	16.1
72	22.22
65	18.3
51	10.6
70	20
99	37
149	65
55	12.8
69	20.6
63	17.2
75	23.9
55	12.8
41	5
36.2	20.1
66	19
72	22
90	32
72	22
68	20
49	9.4
205	96
86	30
175	79
86	30
42	5.8
56	13
75	23.9
47	8.3
51	10.6
55	12.8
49	9.4
49	9.4
75	23.9
68	20
210	100
71	21.7
82	27.8
159.8	71
4.8	-15.1
210	90
355	180
100.4	38
42	5.6
49	9.4
42	5.6
95	35
140	60
340	170
79	26.1
55	12.8
62	16.7
77	25
212	100
36	2.2
-58	-50
77	25
77	25
41	+5
180	82
76	24
76	24
350	176
61	16
68	20
31.8	17.6
32.6	18.1
86	30
500	260
350	180
46	7.8
69	20.6
320	160
47	8.3
61	16.1
47	8.3
120	49
180	82
48	9
-22	-30
-92	-69
-121	-85
105	40
-109	-78.3
300	148.9
-109	-78.3
15	26.1
86	30
86	30
340	170
350	180
350	180
85	29.4
53	11.7
55	12.8
85	29.4
71	21.7
71	21.7
400	204
50.0	10
11.9	-14.5
14.5	-9.7
50	10
32	0
450	232
375	190
113	46
51	10.6
58	14.4
51	10.6
100.4	38
99	37.2
102	38.9
101	38.3
104	40
58	14.4
43	6.1
40	4.4
42	5.6
49	9.4
58	14.4
360	180
425	220
480	280
2192	1200
145	63
36	20
285	140
58	14
482	250
86	30
82	27.8
67	19.4
82	27.8
63	17
51	10.6
46	7.8
76	24.4
51	10.6
65	18
200	93.3
122	50
41	5.0
50	10
50	10
70	21
400	204
350	180
350	180
43	6
350	180
230	110
285	140
76	24.4
66	18.9
67	19.4
67	19.4
69	20.6
76	24.4
355	180
68	+20
27	-3
130	54.5
100	38
140	60
145.4	63
-5	-15
600	320
390	200
54	12.2
51	10.6
53	11.7
73	22.8
54	12.2
50	10
80	27
80	27
78	26
77	25
74	23
76	24
76	24
300	149
21	-6
450	230
102	39
1600	871
68	20.0
33	0.6
33	0.6
68	20.0
85	29
102	38.9
90	32
140	60
140	60
350	180
45	7.2
57	13.9
68	20.0
45	7.2
121	49
300	149
-40	-40
22.5	12.5
21.6	12
350	180
72	0.5
350	180
350	175
68	20.0
27	15
122	50
131	55
52	11
80	27
150	66
43	6
-4	-20
46	8
46	8
74	23.3
51	10.6
74	23.3
86	30.0
46	7.8
86	30.0
420	220
93	33.9
93	33.9
79	26
350	180
86	30
28	-2
44	7
60	20
+500	+260
360	180
67	19.4
29	-1.7
43	6.1
67	19.4
56	13.3
47	8.3
56	13.3
400	200
65	18
375	190
104	40
175	79.4
300	150
104	45
63	17.2
356	180
77	25
46	8
46	8
46	8
400	200
350	175
113	45
79	26.1
63	17.2
180	82
55	13
70	21
6.7	3.7
21.1	11.7
120	48.9
425	220
350	175
72	22
80	26.7
83	28.3
88	31.1
80	26.7
7	-13.9
1	-17
17	-8.3
28	-2.2
22	-30
16	8.9
350	177
425	220
105	40
375	190
56	13.3
43	6.1
56	13.3
1	1
155	68
300	149
275	135
165	74
275	135
95	35
86	30
59	15
70	21
50	10.0
73	22.8
50	10.0
2000	1300
71	21.7
45	7.2
59	15.0
71	21.7
375	190
80.8	27.1
31	0
13	-11
113	45
34	1.1
32	0.0
47	8.3
34	1.1
39	3.9
58	14.4
39	3.9
52	11.1
47	8.3
46	7.8
44	6.7
40	4.4
42	5.6
47	8.3
45	7.2
46	7.8
62	16.7
52	11.1
46	7.8
55	12.8
46	7.8
64	18
109	42.7
29	-1.7
31	-0.6
31	-0.6
25	-3.9
26	-3.3
55	12.8
29	-1.7
34	1
36	2
36	2
38	3
44	7
45	7
46	8
325	160
11.5	6.4
14.2	7.9
0.7	0.4
114	45.6
114	45.6
400	200
38	3.3
65	18.3
86	30
977	525
135	57
50	10.0
49	9.4
57	13.9
50	10.0
52	11
40	22
350	180
190	88
11.8	6.5
375	200
39	4
60	16
93	33.9
82	27.8
93	33.9
108.1	42.3
90	32.2
57	13.9
27	-2.8
375	350
43	6.1
60	15.6
43	6.1
+176	+80
64	17.8
45	7.2
49	9.4
64	17.8
24.3	13.5
62	16.7
45	7.2
62	16.7
62	16.7
68	20.0
46	7.8
56	13.3
58	14.4
68	20.0
77	25
350	180
350	180
41	5.0
41	5.0
32	0.0
32	0.0
33	0.6
38	3.3
51	10.6
41	5.0
375	190
70	21
33.8	1
250	120
74	23.3
50	10.0
165	74
86	30
41	5
49	9.4
47	8.3
53	11.7
49	9.4
66	18.9
+140	+60
147	37
82	28
15.1	-9.4
2.7	1.5
53	11.7
68	20.0
53	11.7
375	190
1832	1000
1.8	1.0
375	190
300	150
95	35
59	15
83	29
40	4.4
61	16.1
212	100
350	177
350	180
350	180
68	20
50	10
41	5
50	10
400	200
-22	-30
500	175
77	25
55	12.8
63	17.2
-49	-45
59	15
135	57
400	200
221	105
300	150
53	11.7
70	21.1
53	11.7
45	7.2
350	175
0	-17.8
96	36
1382	750
194	90
800	427
90	32
90	32
148	65
52	57
593	312
51	10.6
63	17.2
51	10.6
212	100
60	15.5
113	45
375	190
3.6	3.7
104	40
350	177
104	40
10.6	5.9
400	200
70	21.1
54	12.2
48	8.9
56	13.3
67	19.4
49	9.4
50	10.0
44	6.7
42	5.6
44	6.7
43	6.1
47	8.3
107	42
218.8	103.8
375	190
375	190
54	12.2
55	12.8
50	10.0
73	22.8
350	180
350	175
+200	+93
82	27
34	1.1
28	-2.2
29	-1.7
30	-1.1
31	-0.6
48	8.9
34	1.1
95	35.0
55	13
61	16
50	10
72	22.2
72	22.2
93	33.9
130	54.4
360	180
250	120
45	7
100	38
35	2
250	120
45	7
100	38
35	2
47	8.3
98	36.7
81	27.2
82	27.8
83	28.3
80	26.7
78	25.6
82	27.8
98	36.7
400	200
375	190
140	60
77	25
280	135
2000	1093
71	21.7
400	200
400	200
360	180
53	11.7
56	13.3
46	7.8
60	15.6
52	11.1
67	19.4
53	11.7
350	175
250	125
375	175
73	22.8
73	22.8
79	26.1
73	22.8
400	200
400	200
113	5
390	200
50	10.0
74	23.3
977	525
79	26
230	110
230	110
230	110
230	110
77	25
58	14.4
54	12.2
58	14.4
55	12.8
61	16.1
66	18.9
71	21.7
58	14.4
85	29.4
68	20.0
70	21.1
69	20.6
72	22.2
71	21.7
71	21.7
71	21.7
69	20.6
85	29.4
86	30
77	25
47	+8
212	100
70	21
43	6
55	13
90	32
56	13.3
44	6.7
56	13.3
90	31.8
6.8	-14
250	121
-60	-51
185	85
2400	1300
2100	1200
3000	1650
82	28
0.2	0.1
325	160
350	180
54	12.2
56	13.3
75	23.9
78.8	26
47	8.3
56	13.3
340	170
257	125
347	175
55	12
95	35
50	28
104	40
390	200
21	-6
36	2
57	13.9
57	13.9
66	18.9
65	18.3
65	18.3
80	27
90	32
10	5
10	5
375	190
+140	+60
35	20
35	20
88	31.1
79.3	26.3
350	175
21.2	11.8
500	260
80	28
127	88
325	160
34	1
48	9
104	40
40	+4
+572	+300
180	82
47	8.3
67	19.4
47	8.3
340	170
325	170
365	+185
350	175
350	176
220	104
1600	889
-4	-20
302	150
60	15.6
44	6.7
45	7.2
60	15.6
40	4.4
39	3.9
16	-9
36	2
4	20
68	20
680	260
3.6	2
73	23
90	32
106	41
41	5
72	41
100.4	38
30	-1.1
23	-5
32	0.0
30	-1.1
29	-1.7
27	-2.8
31	-0.6
28	-2.2
36	2.2
51	10.6
32	0.0
203	95
200	93
18	10
11	6
365	180
147.2	64
385	197
110	44
375	190
134.6	57
350	180
205	96
72	22
350	175
160	70
77	25
425	218
96	35.6
71	21.7
96	35.6
40	4
156	69
325	160
58	14.4
41	5.0
0	-18
220	105
122	30
73	22.8
42	5.6
44	6.7
45	7.2
39	3.9
41	5.0
73	22.8
-350	-213
57	13.9
67	19.4
74	23.3
54	12.2
74	23.3
61	16
250	140
2501	1372
800	426.67
69	20.6
53	11.7
70	20
71	21.7
69	20.6
61	16.1
64	17.8
56	13.3
58	14.4
93	33.9
71	21.7
930	500
4.5	2.5
425	220
-22	-30
102	39
72	22
350	180
104	40
76	24.4
76	24.4
250	121
49	9.4
2900	1600
1300	700
530	276
64	18
140	60
50	10.0
53	11.7
58	14.4
58	14.4
51	10.6
53	11.7
61	16.1
50	10.0
1.4	0.8
17.3	9.6
302	150
300	150
104	40
0.8	0.4
46	8
59	15
32	0
48	8.9
28	-2.2
32	0.0
40	4.4
48	8.9
350	176
500	260
9	5
350	175
450	235
76	24.4
76	24.4
79	26.1
92	33.3
76	24.4
58	14.4
40	4.4
58	14.4
240	116
86	30
185	85
275	135
2000	1095
5	-15
23	-5
5	-15
14.3	8
275	140
86	30
72	22
932	500
1200	650
40	4.4
-65	-54
-65	-54
1.8	1
56.3	32
5	2.8
10.8	6
3.6	2
1.8	1
1.8	1
100	30
59	15
64.4	18
59	15
64	18
-22	-30
50	10
64	18
64	18
64	18
64	18
64	18
64	18
64	18
64	18
64	18
50	10
50	10
50	10
50	10
86	30
72	22
73	23
73	23
70	21
72	22
70	21
69	20
57	14
72	22
400	200
14	-10
86	30
71	21.7
64	17.8
63	17.2
63	17.2
63	17.2
64	17.8
71	21.7
400	200
400	200
350	180
350	175
50	10
108	42.2
75	23.9
108	42.2
79	26
52	11
86	30
82	28
79	26
257	125
48	9
45	7
66	19
104	40
400	204
482	250
446	230
165	74
27	-3
93	34
350	175
79	26.1
83	28.3
85	29.4
67	19.4
68	20.0
32	0
100	-47
46	8
77	25
185	85
77	25
75	23.9
78	25.6
90	32.2
75	23.9
122	50
77	25
43.2	6.2
350	170
194	90
104	40
257	125
32.9	18.3
28	15.5
350	180
0	-18
325	160
160	70
72	22
82	28
73	23
77	25
55	21
64	18
47	8.3
53	11.7
64	17.8
64	17.8
65	18.3
64	17.8
58	14.4
47	8.3
101	38.3
104	40
68	20
428	220
57	13.9
50	10.0
69	20.6
57	13.9
38	3.3
57	13.9
77	25
76	24.4
62	16.7
63	17.2
64	17.8
63	17.2
62	16.7
76	24.4
97	36
70	21
1650	900
68	20
7.5	4.2
350	180
400	200
53	11.7
46	7.8
53	11.7
32	0
75	24
-24	-31
375	190
70	21.1
35	1.7
35	1.7
39	3.9
37	2.8
85	29
60	16
100	40
96	35.6
41	5.0
49	9.4
41	5.0
257	85
42	5.6
71	21.7
42	5.6
50	10
180	-18
300	150
110	43
450	230
73.4	23
90	32
48	8.9
54	12.2
69	20.6
48	8.9
-292	-180
61	16.1
46	7.8
44	6.7
42	5.6
47	8.3
61	16.1
51.3	10.7
47.5	8.6
47.3	8.5
44.8	7.1
61	16.1
61	16.1
61	16.1
61	16.1
60	15.6
62	16.7
61	16.1
350	180
300	150
355	180
105	40
235	112
80	27
220	104
122	50
1500	816
1500	816
350	180
73	22.8
77	25.0
87	30.6
73	22.8
250	139
100	40
58	14.4
44	6.7
39	3.9
72	22.2
58	14.4
72	22
75	24
85	29
350	177
325	163
58	14.4
52	11.1
58	14.4
15	8
73.5	23.1
101	38.3
-387	-233
300	150
44	6.7
40	4.4
67	19.4
44	6.7
140	60
140	60
43	6
158	70
70	20
57	13.9
35	1.7
425	220
55	13
302	150
1.0	0.5
80	26.7
78	25.6
80	26.7
140	60
42.6	23.7
350	177
325	163
32	0
375	190
55	13
56	13.3
52	11.1
50	10.0
52	11.1
61	16.1
67	19.4
56	13.3
38	3.3
63	17
72	22
66	18.9
26	-3.3
37	2.8
42	5.6
66	18.9
113	45
52	11.1
51	10.6
70	21.1
52	11.1
64.4	18
120	40
67	19.4
44	6.7
48	8.9
-328	-196
103	41
81	27.2
72	22.2
71	21.7
71	21.7
102	39
100	37.4
61	16
82	27.8
100.4	38
36	2
67	19.4
47	8.3
44	6.7
43	6.1
47	8.3
45	7.2
38	3.3
55	12.8
67	19.4
104	40
225	105
180	82
140	60
9	5
12	-11
315	160
71	21.7
95	35
53.6	12
63	17.3
+140	+60
84	28.9
84	28.9
82	27.8
89	31.7
84	28.9
80	27
86	30
23	-5
68	20
400	205
95	35
149	65
599	315
39	4
55	13
42	5.6
58	14.4
185	85
80	27
76.1	24.5
89.6	32
59	15
32	0
0	-18
77	25
40	5
550	280
-94	-70
68	20.0
70	21.1
83	28.3
68	20.0
425	220
104	40
82	28
104	40
77	25
80	27
77	25
350	180
46.3	25.7
100	37.8
150	66
400	200
350	175
300	150
425	220
375	190
60	16
50	10
113	45
20	-7
120	50
70	21.1
70	21.1
73	23
81	27
40	4
320	160
450	232
+257	+125
77	25
113	45
126	52
113	45
108	42
77	25
33.4	18.5
86	30
45	7.4
+180	+83
+300	+150
20	-7
34	1
34	1
36	2
39	4
43	6
48	9
52	11
52	11
48	9
45	7
37	3
36	2
102	39.1
9	5
930	500
60	15.6
46	7.8
48	8.9
44	6.7
48	8.9
60	15.6
65	21
40	4
10	-12
75	24
50	10
73.4	23.0
68	20
325	160
77	25
50.0	10
40.8	1.8
40.6	4.8
32	0
80	26.7
80	27
71	22
80	27
54	12
41	5
60	15.6
27	-2.8
38	3.3
37	2.8
31	-0.6
29.6	16.4
11.3	6.3
122	50
440	230
440	230
32	0
23	-5
46	7.8
46	7.8
65	18.3
52	11.1
+43	+6
+122	-40
+39	+4
62	16.7
52	11.1
51	10.6
62	16.7
198	92.2
500	260
1020	550
18	10
79	26
73	23
63	17.2
33	0.6
63	17.2
10	-12
56	13.3
57	13.9
67	19.4
56	13.3
70	21
572	300
1600	870
37	2.6
70	21
81	27
350	180
600	316
62.1	16.7
140	60
95	35
350	175
90.9	32.7
59	15
45	7.2
40	4.4
57	13.9
45	7.2
65	18.3
65	18.3
66	18.9
80	26.7
65	18.3
72	22
90	32
350	177
77	25
50	10
68	20
57	13.9
57	13.9
51	10.6
77	25.0
57	13.9
500	250
600	315
450	232
77	25
140	60
70	21
700	371
46	8
500	260
135	57
160	71
58	14.4
46	7.8
58	14.4
73	22.8
71	21.7
73	22.8
73	22.8
75	23.9
85	29.4
73	22.8
122	50
325	170
9.2	5.1
400	200
400	200
300	+205
621	+250
59	15.0
57	13.9
58	14.4
60	15.6
65	18.3
67	19.4
64	17.8
71	21.7
59	15.0
350	180
32.0	0
105	40
320	160
80.2	26.8
70	21
375	190
150	40
347	175
46	8
68	20
83	67
95	35
39	4
81	27
248	+120
212	100
400	204
350	180
15	11
130	55
350	180
69	20.6
55	12.8
55	12.8
50	10.0
120	50
34	1.1
32	0.0
24	-4.4
33	0.6
50	10.0
500	260
392	200
320	160
3.6	2
56	13.3
71	21.7
56	13.3
63	+17
100.4	38
80	27
100.4	37.6
212	100
86.9	30.5
32	0
100.7	37.9
100	37.8
350	176
350	176
140	60
45	7
100	38
140	60
570	300
480	250
160	70
25	15
300	150
400	200
300	149
37	3
66	19
88	31.11
400	200
120	49
120	49
120	49
130	54
23	5
425	220
375	190
82	27.8
81	27.2
86	30.0
114.8	46
86	30
73	23
47	8.3
70	21.1
1500	820
149	83
184	84
1200	650
85	29.4
76.1	24.5
46	7.8
47	8.3
32.2	0.1
500	260
46	8
85	29.4
106	41.1
77	25.0
77	25.0
106	41.1
89	32
86	30
47.7	8.7
13.5	7.5
33.8	18.8
55	13
79	26
77	25
62	16.7
62	16.7
61	16.1
60	15.6
82	27.8
62	16.7
62	16.7
36	2.2
62	16.7
66	18.9
49	9.4
360	182
64	17.8
61	16.1
63	17.2
61	16.1
63	17.2
400	200
140	60
50	+10
-67	-55
30	-34.4
350	180
104	40
32	0
95	35
-6	-21
73	23
131	55
113	45
98	37
45.1	7.3
20.3	14
76	24.4
52	11.1
60	15.6
63	17.2
76	24.4
+450	+232
58	14.4
48	8.9
58	14.4
96.8	36
130	55
400	200
113	45
1600	870
842	450
86	30
284	140
45	7
15.7	8.7
50	10
53	11.7
37	2.8
53	11.7
1.60	0.89
140	60
350	175
23	-5
100	38
41	5
26	-3
71	22
50	10.0
1620	882
86	30
200	90
59	15
66	19
180	82
21.2	-6
32	0
102.2	39.0
45	7
320	160
55	13
52.16	11.2
73.4	23
500	260
375	190
90	32
72	22
36	2
68	20
95	35
80	26.7
400	200
400	200
400	205
350	175
240	120
425	220
100	38
59	15
104	40
21.7	12.1
82	28
84	28.9
66	18.9
67	19.4
68	20.0
65	18.3
68	20.0
36	2
75	24
80	27
2000	1093
73	22
68	20.0
50	10.0
-100	73
55	13
120	47
170	77
450	230
+105	+40
302	150
356	180
302	150
+340	+170
+400	+204
54	12
70	21
1.4	-17
203	95
52	11.1
32	0.0
34	1.1
31	-0.6
26	-3.3
23	-5.0
23	-5.0
27	-2.8
32	0.0
31	-0.6
52	11.1
350	180
10	-12
+80	+25
260	125
77	25
111.2	44
30	-1
69	20.6
40	4.4
49	9.4
69	20.6
80	27
115	45
5	-15
45	7
52	11
78	25.6
78	25.6
101	38.3
78	25.6
39	3.9
60	15.6
39	3.9
70	21.1
41	5.0
355	180
185	85
143	80
-36	-38
125	-24
111.6	44.2
107.4	41.9
46	7.8
58	14.4
61	16.1
53	11.7
46	7.8
300	150
42	5.6
59	15.0
425	220
62	16.7
54	12.2
47	8.3
52	11.1
62	16.7
620	327
90	32
51	10.6
28	-2.2
25	-3.9
21	-6.1
21	-6.1
30	-1.1
32	0.0
51	10.6
302	150
302	150
302	150
71	22
77	25.0
59	15.0
60	15.6
77	25.0
42	5.6
37	2.8
28	-2.2
27	-2.8
38	3.3
56	13.3
42	5.6
90	32
75	25
390	199
77	30
104	40
2102	1150
-14	-10
80	27
73	22.8
52	11.1
54	12.2
73	22.8
74	23.3
100	38
65	18
140	60
40	4
0	-18
140	60
86	30
28	-2
101	38.3
77	25.0
77	25.0
78	25.6
78	25.6
78	25.6
79	26.1
79	26.1
78	25.6
82	27.8
101	38.3
44	7
37	3
95	35
121	50
480	250
390	200
69	20.6
44	6.7
45	7.2
47	8.3
69	20.6
120	49
350	180
+185	85
200	180
64	18
100	38
176	80
68	20
20	-7
75	24
52	11.1
40	4.4
35	1.7
65	18.3
52	11.1
115	46
131	55
115	46
116	47
475	245
375	190
77	25
77	25
92	34
325	160
85	30
64	18
200	93
77	25.0
77	25.0
37	2.8
33	0.6
31	-0.6
31	-0.6
49	9.4
350	180
43	6.1
35	1.7
30	-1.1
36	2.2
38	3.3
48	8.9
43	6.1
360	180
63	17
325	160
1000	538
1725	941
500	260
900	482
1000	538
61	16.1
42	5.6
40	4.4
38	3.3
32	0.0
32	0.0
37	2.8
37	2.8
44	6.7
61	16.1
1300	750
2.5	1.4
167	75
187	86
140	60
71.6	25
80	26.7
69	20.6
72	22.2
70	21.1
69	20.6
68	20.0
80	26.7
46	7.8
53	11.7
46	7.8
76	25
75	24
76	24
74	24
74	23
63	17
66	19
80	27
+176	+80
350	180
170	77
0.3	0.2
86	30
86	30
350	180
72	22.2
55	12.8
63	17.2
72	22.2
200	93
134	57.8
101.3	38.5
102	38.9
400	200
74	23.3
72	22.2
77	25.0
79	26.1
74	23.3
74	23
30	-5
550	290
83	28.3
57	13.9
58	14.4
59	15.0
60	15.6
91	32.8
57	13.9
208	98
-22	30
80	26.7
82	27.8
97	36.1
80	26.7
441	227
73	23
44	6.7
56	13.3
44	6.7
+225	+107
+300	+149
100	38
375	190
400	200
50	10
350	160
48	9
77	25.0
46	7.8
58	14.4
77	25.0
50	10.0
3600	2000
600	300
49	9.4
49	9.4
52	11.1
51	10.6
350	180
45	7
100	38
350	177
+500	+260
-73	+260
500	+260
225	+107
79	26
73	23
77	25
76	25
78	26
79	26
79	26
149	65
210	99
66	23
56	15
56	15
45	8
360	180
0	0
100	38
40	4
59	15
68	20
375	190
74	23.3
65	18.3
74	23.3
135	57
248	120
30.8	17.1
320	160
375	190
-109.3	-78.5
77	25
300	150
98.6	37
100	38
46	7.8
54	12.2
46	7.8
176	80
165	73.8
52	11
51	10.6
67	19.4
51	10.6
59	15
70	21
89	32
89	32
133	56
108	42
29	-1.7
29	-1.7
27	-2.8
24	-4.4
24	-4.4
25	-3.9
32	0.0
42	5.6
29	-1.7
37	3
54	12
302	150
360	182
400	204
100	38
68	20.0
68	20.0
350	180
360	180
750	400
325	170
140	60
325	165
375	200
212	100
-22	-30
977	525
77	25
104	40
104	40
25	-4
100	38
860	460
900	480
1400	760
86	30
70	21
73	22.8
60	15.6
62	16.7
58	14.4
53	11.7
375	190
375	190
86	30
77	25
-150	-100
150	66
73	22.8
97	36.1
1.8	1
63	17.2
38	3.3
45	7.2
0	-18
70	21
69.8	21
104	40
2.7	1.5
0.9	0.5
140	60
60	15.6
35	1.7
42	5.6
42	5.6
60	15.6
77	25
68	20
48	9
66	19
-46	-43
58	14.4
44	6.7
47	8.3
58	14.4
46	7.8
46	7.8
105.6	40.9
95	35
9.8	5.4
90	32.2
90	32.2
60	15.6
38	3.3
35	1.7
29	-1.7
37	2.8
34	1.1
37	2.8
60	15.6
43	6.1
49	9.4
62	16.7
43	6.1
176	80
140	60
450	190
375	150
575	300
45	7.2
40	4.4
49	9.4
48	8.9
54	12.2
53	11.7
9	5
10	-32
311	155
425	218
140	60
85	21
76	24
350	177
350	177
400	200
44	6.6
70	21
275	130
2200	1200
500	260
750	399
500	260
32.5	0.3
32	0
34.7	1.5
37.6	3.1
42.3	5.7
47.7	8.7
50.5	10.3
50.4	10.2
47.1	8.4
42.6	5.9
35.8	2.1
33.6	0.9
325	160
350	180
47	8
55	13
60	16
37	3
-25	-32
152	67
55	12.8
49	9.4
55	12.8
40	4
6.2	3.5
375	190
340	170
370	190
63	17.2
49	9.4
63	17.2
115	46
60	15.6
60	15.6
400	200
3.5	2
102	38.9
98.6	37
375	190
230	110
81	27.2
58	14.4
60	15.6
60	15.6
81	27.2
30.2	16.8
15.9	8.8
111	44
11.4	6.3
39	3.9
31	-0.6
28	-2.2
22	-5.6
65	18.3
39	3.9
86	30
40	4.5
300	150
350	180
10	5.6
375	190
375	190
0	-18
165	75
14.2	7.9
46	7.8
52	11.1
70	21.1
140	60
70	21
140	60
82	27.8
96	35.6
82	27.8
82	28
28	-2.2
29	-1.7
28	-2.2
29	-1.7
30	-1.1
35	1.7
39	3.9
38	3.3
28	-2.2
400	200
47	7.2
1.2	0.7
6	3.3
2	1.7
1	0.56
80	26.7
55	13
50	10
41	5
-22	-30
155	70
155	70
68	20
71	22
120	49
73	23
82	28
56	13.3
62	16.7
70	21.1
185	85
300	150
29.2	16.2
350	175
325	162
42	5.6
63	17.2
390	200
350	180
300	149
185	85
212	100
160	71
120	49
176	80
29	-1
135	60
25	-4
105	40
140	60
88	31
36.9	2.7
32.18	0.1
34.7	1.5
32	0
32	0
39.4	4.1
375	190
450	230
75	23.9
83	28.3
66	18.9
67	19.4
32.3	17.9
14	7.8
300	150
350	180
67	19.4
67	19.4
300	149
-22	12
120	50
690	365
49	9.4
47	8.3
63	17.2
39.0	3.9
106	41
176	80
208	93
428	220
600	315
500	+260
932	500
350	180
350	180
+176	+80
25	14
31.7	17.6
21.4	11.9
80	30
475	240
21	-6
900	480
59	15.0
60	15.6
51	10.6
59	15.0
54	12
350	176
-310	-190
68	20
450	220
61	16.1
53	11.7
43	6.1
55	12.8
58	14.4
62	16.7
61	16.1
42	5.6
20	-6.7
12	-11.1
29	-1.7
25	-3.9
30	-1.1
34	1.1
76	24.4
59	15.0
64	17.8
65	18.3
76	24.4
-110	43.3
17.9	9.9
49	9.4
62	16.7
49	9.4
225	106
32	0
500	260
165	73
120	48
69	20.6
91	32.8
69	20.6
42	5.6
32	0.0
26	-3.3
30	-1.1
34	1.1
33	0.6
69	20.6
41	5.0
45	7.2
210	99
7.2	4
74	23
107.6	42
50	10
99	37
-423	-252
73	23
1200	649
842	450
140	60
160	71
375	190
325	170
59	15
375	190
375	190
104	40
45	7
72	22
60	15
425	220
51	10.6
50	10.0
51	10.6
85	29.5
75	24
140	50
86	30
80.6	27
0.2	0.1
0.7	0.4
0.2	0.1
42	5.6
41	5.0
49	9.4
50	10.0
54	12.2
42	5.6
550	288
140	60
56	13.3
41	5.0
39	3.9
56	13.3
63	17.2
51	10.6
49	9.4
48	8.9
50	10.0
47	8.3
63	17.2
122	+50
350	175
40	4.5
273	121
70	21.1
-20	-28
111.02	43.3
250	121
300	150
350	180
7.4	4.1
11.3	6.3
80	27
86	25
140	82
77	25
500	260
100.4	38
66	19
3.6	2
401	205
-40	40
446	230
446	230
400	200
350	175
57	13.9
61	16.1
40	4.5
+500	260
350	180
56	13.3
49	9.4
49	9.4
42.5	23.6
60.3	33.5
250	250
4.0	2.2
176	80
-4	-20
3.6	2
275	135
77	25
575	300
-4	-20
+122	70
10	5.5
85	30
100	38
63	17.2
47	8.3
56	13.3
54	12.2
52	11.1
50	10.0
63	17.2
400	200
350	175
68	20
212	100
68	20
140	60
-13	-25
77	25
65	18
86	30
59	15
130	50
46	8
46	8
102.2	39.0
350	180
700	371
500	260
113	45
71	21.7
72	22.2
+385	+196
140	60
350	180
53	12
53	12
50	10
53	12
29	-2
38	3.3
53	12
20	-7
350	180
225	110
99	37
375	190
122	50
73	22.8
53	11.7
400	200
113	45
350	180
90	32
95	35
77	25
95	35
350	175
350	175
216	102
63	17.2
36	2.2
40	4.4
63	17.2
176	80
52	11.1
35	1.7
32	0.0
32	0.0
30	-1.1
26	-3.3
35	1.7
355	180
500	260
45	7
60	16
86	30.0
77	25.0
75	23.9
86	30.0
200	100
48	8.9
62	16.7
48	8.9
47	8.3
60	15.6
47	8.3
11.5	6.4
320	160
39	4
-44	-42
77	25
350	180
32	0
49	9.4
49	9.4
73	22.8
49	9.4
104.0	40
75.4	17
64.2	17.9
47	8.3
71	21.7
47	8.3
27	-3
350	175
302	150
54	12.2
43	6.1
40	4.4
80	26.7
54	12.2
107	40
550	290
95	35
1.8	1
70	21.1
55	12.8
51	10.6
51	10.6
49	9.4
52	11.1
70	21.1
340	170
40	4.4
35	1.7
33	0.6
35	1.7
37	2.8
33	0.6
69	20.6
1.8	1.0
2.5	1.4
3.6	2
3.6	2
46	8
55	13
400	200
68	20
104	40
-39	-39
82	19
68	20
140	60
450	232
2100	925
23.8	13.2
23.2	12.9
28.5	15.8
131	55
46	8
61	16
53	12
446	230
100	37.8
28.2	15.7
60	15.6
76	24.4
60	15.6
68	20.0
53	11.7
54	12.2
68	20.0
39	3.9
43	6.1
38	3.3
42	5.6
44	6.7
375	170
375	170
-22	-30
54	12
24.1	13.4
140	60
400	200
122	50
73	23
13.9	7.7
91	33
400	200
58	14.4
33	0.6
37	2.8
38	3.3
410	210
500	260
350	160
40	4
1.8	1.0
41	5
75	24
20	-8
350	176.6
-30	-34
-30	-34
-4	-20
37	3
86	30
104	40
350	176
122	50
230	110
158	70
320	160
90	32
81	27.2
68	20.0
12.1	6.7
400	200
111	44
120.38	49.1
360	182
40	4
375	190
75	23
325	163
325	163
37	2.8
58	14.4
1300	704
75	24
75	24
75	24
29	-2
70	21
59	15
-4	-20
14	-35
51	+15
86	+30
19	-7
48	8.9
65	18.3
48	8.9
38.9	21.6
75	24
75	24
75	24
75	24
71	21.7
57	13.9
71	21.7
140	60
2.3	1.3
2.7	1.5
120	40
89	31.7
74	23.3
68	20.0
67	19.4
70	21.1
7	3.9
71	21.7
100	37.8
140	60.0
100	37.8
140	60.0
140	60.0
100	37.8
100	37.8
302	150
36	2
36	2
38	3
39	4
42	6
48	9
41	5
65	18.3
46	7.8
53	11.7
65	18.3
1022	550
3.6	2
325	160
170	76
99	37
99	37
10	-12.2
99.9	37.7
536	280
400	200
375	190
350	180
300	150
425	220
350	180
350	180
55	12.8
34	1.1
55	12.8
78.8	26
69	20.6
50	10.0
46	7.8
400	205
104	40
66	18.9
38	3.3
33	0.6
44	6.7
66	18.9
176	80
54	12.2
68	20.0
54	12.2
212	100
64	-40
8002	4428
325	163
136.4	58
140	60
69	20.6
68	20.0
70	21.1
73	22.8
72	22.2
72	22.2
73	22.8
88	31.1
69	20.6
86	2
45	7
626	330
450	230
113	45
72	22.2
50	10.0
47	8.3
72	22.2
68	20
48	9
79	26
50	10
91	33
350	180
84	29
68	20
46	8
350	180
275	140
64	18
66	19
5	3
350	180
485	250
86	30
1.4	0.8
64	18
86	30
154.4	68
72	22.2
55	12.8
72	22.2
0	-18
5	3
18	10
13	7
800	425
390	200
25	14
25	14
225	107
200	93
165	74
390	200
59	15.0
58	14.4
62	16.7
68	20.0
66	18.9
63	17
68	20
41.3	23
57	13.9
42	5.6
36	2.2
34	1.1
30	-1.1
37	2.8
43	6.1
48	8.9
47	8.3
38	3.3
57	13.9
43	6.1
34	1.1
35	1.7
67	19.4
1	0.5
95	35
+482	-20
69.4	21.2
24	-4.2
350	175
375	190
450	230
250	121
350	175
37.4	3
350	175
1000	538
350	180
350	180
62	16.7
57	13.9
57	13.9
56	13.3
54	12.2
57	13.9
62	16.7
165	74
85	29.4
71	21.7
71	21.7
85	29.4
68	20.0
49	9.4
68	20.0
1800	980
71.2	21.8
47	8.3
57	13.9
47	8.3
320	160
375	190
66	18.9
60	15.6
66	18.9
104	40
72	22.2
58	14.4
72	22.2
33.8	1
350	180
400	200
400	200
350	180
53	11.7
43	6.1
35	1.7
32	0.0
33	0.6
37	2.8
40	4.4
42	5.6
34	1.1
53	11.7
350	177
43	6.1
68	20.0
45	25
48	8.9
49	9.4
59	15.0
205	95
350	180
82	28
59	15.0
50	10.0
59	15.0
390	200
71	21.6
60	15.6
49	9.4
40	4.4
46	7.8
39	3.9
62	16.7
56	13.3
59	15.0
60	15.6
842	250
480	250
-40	-40
130	55
170	77
752	400
68	20
61	16.1
60	15.6
58	14.4
46	7.8
350	180
355	180
42	5.6
56	13.3
42	5.6
77	25
+149	+65
81	27.2
61	16.1
63	17.2
59	15.0
65	18.3
122	50
61	16
63	17.2
64	17.8
67	19.4
64	17.8
63	17.2
86	30.0
85	29.4
84	28.9
83	28.3
87	30.6
81	27.2
105	40.6
86	30.0
6.7	3.7
500	350
-320	-195
50	10
59	15
50	10
425	220
430	220
55	12.8
52	11.1
40	4.4
752	400
842	450
38	3.3
392	200
-130	90
76	24.4
55	12.8
57	13.9
76	24.4
800	427
72	80
77	25.0
55	12.8
56	13.3
77	25.0
80	26.7
85	29.4
63	17.2
64	17.8
85	29.4
113	45
70	21.1
70	21.1
105	40
95	35
70	21.1
57	13.9
41	5.0
63	17.2
52	11.1
43	6
57	14
3000	982
425	220
100	37
350	180
500	260
734	390
284	140
572	300
1112	600
4352	2400
5432	3000
6692	3700
350	180
266	130
194	90
78	25.6
54	12.2
48	8.9
56	13.3
78	25.6
86	30
-76	-60
-76	-60
390	200
350	180
400	200
2330	1277
350	177
125	52
-20	-32
82	27.8
71	21.7
70	21.1
70	21.1
72	22.2
72	22.2
82	27.8
37	3
8	4
0	-18
55	12.8
38	3.3
55	12.8
180	82
212	100
212	100
68	20
94.5	34.7
66	18.9
257	125
98.6	37
113	45
50	10
61	16
64	17.8
55	12.8
55	12.8
54	12.2
39	3.7
64	17.8
64	17.8
350	175
50	10.0
51	10.6
50	10.0
104	40
230	110
38	3.3
37.8	21
150	65
350	177
81	27.2
89	31.7
81	27.2
7.3	4
748	620
375	190
9	5
85	30
86	30
42	5.6
41	5.0
62	16.7
61	16.1
61	16.1
54	12.2
68	20
59	15
39	3.9
55	12.8
39	3.9
93.2	34
240	116
26	14.5
21.5	12
50	10
375	190
60	15.6
50	10.0
60	15.6
44	6.7
52	11.1
53	11.7
56	13.3
61	16.1
60	15
350	180
-22	-30
10	40
95	35
302	150
500	260
482	250
43	6
4.6	8
86	30
195	90
95	35.0
71	21.7
70	21.1
71	21.7
95	35.0
104	40
75	24
350	180
500	300
1.40	12.9
932	500
41	5
57	14
41	5
3.6	2
-40	-40
49	9.4
33	0.6
65	18.3
325	170
45	7
390	200
59	15
41	5
47	8
53	12
62	17
70	21
73	23
72	22
67	20
57	14
47	9
40	5
24.8	-4
104.9	40.5
105.8	41.0
83	64
1000	538
45	7
57	14
55	13
57	14
10	-12
-22	-30
87	31
37.8	21
113	45
158	70
203	95
4730	2610
76	24.4
42	5.6
47	8.3
76	24.4
-69.7	16
75.2	22
57	13.9
45	7.2
43	6.1
39	3.9
42	5.6
57	13.9
500	200
63	17
72	22
425	220
425	220
54	12.2
50	10.0
64	17.8
65	18.3
70	21
77	25
500	260
68	20
36	20
59	15
1022	500
38.3	21.3
32	0
165	59
70	21
190	90
34	1
350	180
90	32
62	17
82	28
75	24
32	0
36	2
38	3
50	10
47	8
41	5
36	2
165	74
70	21
85	29
320	160
65	18.3
65	18.3
65	18.3
87	30.6
58	14.4
58	14.4
56	13.3
77	25.0
92	33.3
77	25.0
500	260
113	45
140	60
86	30
50	10
-238	-150
44.1	6.7
500	260
70	21
46	8
86	30
86	30
375	191
350	180
825	441
350	160
41.7	23.2
350	180
350	180
77	25
118	48
350	176
85	29
39	3.9
51	10.6
39	3.9
78.7	25.9
79.3	26.3
79.7	26.5
76.5	24.7
390	+200
56	13.3
54	12.2
52	11.1
48	8.9
72	22.2
56	13.3
7.5	4.1
43	6
40	5
42	6
45	7
49	9
49	9
37	3
35	1.7
35	1.7
30	-1.1
30	-1.1
22	-5.6
29	-1.7
56	13.3
35	1.7
115	45
130	55
375	190
350	175
122	50
350	176
350	176
50	10
50	10
0	-17.7
73	23
73	23
185	85
84	29
67	19.6
160	71
365	185
365	185
1200	650
122	50
140	60
42	5.6
44	6.7
46	7.8
55	12.8
-238	-150
100	50
68	20
42	5.6
36	2.2
42	5.6
282	139
83	28.3
14.6	8.1
180	82
60.6	15.9
57.4	14.1
1.33	0.74
3.44	1.91
4.0	2.2
4.9	2.7
0.2	0.1
3.4	1.9
5	3
4.3	2.4
1.12	0.62
0.04	0.02
1.22	0.68
0.05	0.03
71	21.7
71	21.7
68	20
842	450
-27	-33
26	-3.3
26	-3.3
34	1.1
26	-3.3
28	-2.2
30	-1.1
20	-6.7
20	-6.7
40	4.4
26	-3.3
350	180
32	0.0
27	-2.8
24	-4.4
28	-2.2
61	16.1
32	0.0
29	-2
58	14
76	24.4
54	12.2
63	17.2
350	180
78.8	26
50	10
-4	-20
400	204
900	482
92	33
56	13.3
57	13.9
55	12.8
74	23.3
56	13.3
800	430
34	1.1
30	-1.1
29	-1.7
35	1.7
31	-0.6
35	1.7
34	1.1
3.6	2
15	-9.4
57	14
54	12
87	30.6
67	19.4
64	17.8
62	16.7
87	30.6
80	27
80	27
80	27
375	190
307	153
103	39.4
78	25.6
74	23.3
76	24.4
103	39.4
464	240
122	50
52	11.1
46	7.8
48	8.9
52	11.1
118	48
482	250
200	93
86	30
82.4	28
101.7	38.7
55	12.8
57	13.9
55	12.8
41	5.0
41	5.0
57	13.9
41	5.0
185	85
41	5
17.5	9.7
77	25
76	24.4
76	24.4
320	160
18.8	10.4
300	150
300	150
31	-0.6
31	-0.6
31	-0.6
375	190
44	6.7
58	14.4
113	45
131	55
66	19
122	50
250	120
40.4	22.5
28	-2
59	15.0
40	4.4
41	5.0
38	3.3
59	15.0
1675	913
32	0
1562	850
375	190
450	230
68	20
82	28
41	5
73	23
158	+70
46	7.8
50	10.0
49	9.4
46	7.8
400	200
400	205
71	21.7
57	14
57	14
175	64
62	17
9.5	5.3
18	10
104	40
350	180
285	140
1.13	0.63
82.4	24
480	248
86	30
86	30
18	10
48	9
400	200
37	2.8
39	3.9
46	7.8
37	2.8
400	200
64	18
61	16
400	200
275	135
158	70
194	90
194	90
131	55
133	56
190	88
325	160
130	55
136	58
101	38.3
78	25.6
78	25.6
82	27.8
82	27.8
80	26.7
78	25.6
78	25.6
78	25.6
101	38.3
356	180
39	4
50	10
77	18
400	200
95	35
85	29.4
87	30.6
81	27.2
84	28.9
87	30.6
85	29.4
41	5
32	15
+5	-15
46	8
350	180
54	12.2
47	8.3
48	8.9
54	12.2
266	130
160	71
160	71
375	190
17	-8.3
53	11.7
42	5.4
37	2.7
31	-0.6
24	-4.3
44	6.7
49	9.4
53	11.7
60	15.7
350	180
24.8	-4
27.5	-2.5
33.6	0.9
40.8	4.9
48.6	9.2
54.9	12.7
57.6	14.2
56.7	13.7
50.7	10.4
42.4	5.8
35.2	1.8
28.6	-1.9
90	32
39	4
18	10
400	200
88	31
70	21
65	18
68	20
78	25.6
49	9.4
57	13.9
78	25.6
110	43
41.4	5.2
44.1	6.7
46.8	8.2
50.2	10.1
55.6	13.1
62.1	16.7
66.9	19.4
67.1	19.5
63.5	17.5
56.3	13.5
48.7	9.3
44.4	6.9
52	11
51	10.6
49	9.4
52	11.1
80	26.7
51	10.6
43	6
59	15
51	10.6
325	160
425	220
1300	750
1300	750
41	13
4.0	20
61	16
400	200
140	60
400	200
68	23
40	4.4
38	3.3
40	4.4
41	5.0
60	15.6
41	5.0
122	50
104	40
212	100
180	82
88	31
140	60
230	110
150	66
93	34
68	20
104	40
212	100
1100	590
1200	650
57	14
57	14
69.8	21
54	12
400	205
48	8.9
42	5.6
75	23.9
48	8.9
56	13.3
54	12.2
48	8.9
48	8.9
70	21.1
56	13.3
350	180
302	150
72	22
73	23
74	23
71	22
70	21
71	22
71	22
250	120
76	24.4
47	8.3
26	-3.3
47	8.3
41	5
56	13.3
104	40
203	95
62	16.6
70	21.1
47	8.33
350	177
90	32
250	121
450	232
350	175
350	175
450	232
160	71
34.7	19.3
275	135
400	200
85	30
205	96
350	175
73	22.8
57	13.9
73	22.8
50	10
22	-5.5
23.9	13.3
77	25
325	160
70	21.1
45	7.2
58	14.4
70	21.1
77	25
77	25
60	15.6
450	232
257	125
39	+4
54	12
140	60
95	35
104	40
61	16
49	9.4
617	325
+424	-57
48	9
32	0
105	40.6
55	13
212	100
572	300
62	16.7
47	8.3
62	16.7
2	1
140	60
-50	-46
120	49
120	49
22	-5
+500	+260
77	25
62	16.7
61	16.1
56	13.3
66	18.9
70	21
350	176
1.4	0.20
350	176
25	40
95	35
51	10.6
30	-1.1
68	20.0
53	11.7
51	10.6
104	40
90	32
500	260
1800	980
450	250
104	40
103.6	39.8
572	300
300	150
410	210
73	22.8
73	22.8
212	100
5072	800
350	180
81.9	27.7
86	30
350	180
1472	800
-6	-21
+115	+46
56	13
90	32
56	13.3
46	7.8
48	8.9
56	13.3
350	160
55.9	31.1
1200	650
212	100
39	3.9
57	13.9
39	3.9
40	4
69	20.6
70	21.1
84	28.9
32	0
29	-2
350	180
140	60
40.6	22.6
83	28
90	32
90	32.2
73	22.8
70	21.1
72	22.2
72	22.2
70	21.1
74	23.3
90	32.2
15	-10
41	5
32	0
24.9	13.8
12.1	6.7
20.6	11.4
84	29
43	6.1
41	5.0
58	14.4
43	6.1
71	21.7
61	16.1
59	15.0
71	21.7
165	74
375	190
50	71
325	160
302	150
96	35.6
76	24.4
73	22.8
75	23.9
76	24.4
77	25.0
96	35.6
375	190
54	12
77	25
165	74
110	43
750	400
87	30.6
67	19.4
70	21.1
70	21.1
71	21.7
70	21.1
71	21.7
72	22.2
71	21.7
67	19.4
87	30.6
75	23.9
71	21.7
69	20.6
67	19.4
70	21.1
73	22.8
73	22.8
75	23.9
74.1	23.4
87.9	31.1
88.2	31.2
87.2	30.7
0	-17.8
40	4.44
77	25
84	29
106	41
60	15.5
860	460
73	23
51	10.6
36	2.2
51	10.6
162	72
350	180
86	30.0
71	21.7
86	30.0
350	170
32.02	0.01
61	16.1
45	7.2
61	16.1
54	12.2
56	13.3
53	11.7
54	12.2
57	13.9
55	12.8
59	15.0
350	180
300	150
122	50
185	85
325	165
70	21.11
59	15
64	17.8
61	16.1
86	30.0
48	8.9
55	12.8
48	8.9
19	-7
41	5
800	425
200	95
64	18
58	14.8
185	85
338	170
392	200
356	180
320	160
356	180
46	7.8
33	0.6
38	3.3
39	3.9
38	3.3
33	0.6
30	-1.1
35	1.7
46	7.8
400	200
350	180
70	21.1
66	18.9
70	21.1
356	180
90	32
41	5.0
40	4.4
61	16.1
41	5.0
36	2
50	10
44	6.7
46	7.8
46	7.8
47	8.3
45	7.2
39	3.9
37	2.8
45	7.2
44	6.7
350	175
104	40
55	13
446	230
400	205
-16.6	-27
59	+15
2000	1193
510	266
48	8.9
31	-0.6
34	1.1
48	8.9
350	180
100	38
78.8	26
-176	80
75	24
82	28
250	120
70	21
86	30
450	230
84	29
51	10.6
48	8.9
60	15.6
51	10.6
82	28
72	22
88	31
84	29
13.2	7.3
115	46
932	500
55	12.8
55	12.8
67	19.4
46	7.8
58	14.4
46	7.8
350	180
400	200
325	175
325	163
102	39
158	70
350	177
390	200
85	29.4
69	20.6
85	29.4
62.6	17
75.2	24
63	17
68	20
38	3.3
55	12.8
38	3.3
97	36
46	8
105	40.5
75	24
375	190
90	32
88	31
88	31
56	13.3
57	13.9
54	12.2
71	21.7
56	13.3
1000	538
1832	1000
45.3	7.4
12.0	-11.1
73	22.8
45	7.2
138.74	43
92.12	33.4
204.8	96
1400	750
52	11
63	17.2
52	11.1
50	10.0
49	9.4
63	17.2
18	-8
34	1.1
41	5.0
27	-2.8
22	-5.6
29	-1.7
60	15.6
34	1.1
79	26
34	1.1
49	9.4
34	1.1
46	8
325	165
18	8
11	6
100	38
38	3.3
38	3.3
33	0.6
48	8.9
38	3.3
1520	825
75	24
100	38
70	21
81	27.2
78	25.6
81	27.2
71	22
71	22
71	22
71	22
71	22
71	21
70	21
1	0.5
167	75
167	75
350	180
350	180
30	-1
5	-15
73.4	23
400	204
110	40
11	7
76	24
78	25
73	23
74	23
68	20
73	23
75	24
81	27
103	39
50	10.0
47	8.3
69	20.6
140	60
107	45
450	250
89	32
75	24
91	33
4.4	2.4
63.1	17.3
109.4	43.0
32	0
65.2	36.2
47.5	26.4
-22	-30
45	7
5	-15
90	32
40	5
2795	1535
99	37
400	200
250	120
47	8
64	18
-202	-130
200	95
98	36.7
98	36.7
392	200
108	42
122	50
79	26.1
67	19.4
68	20.0
69	20.6
67	19.4
+104	+40
50	10
44	6.7
26	-3.3
32	0.0
31	-0.6
37	2.8
33	0.6
29	-1.7
27	-2.8
22	-5.6
18	-7.8
26	-3.3
44	6.7
90	32.2
59	15.0
90	32.2
71	21.7
43	6.1
51	10.6
71	21.7
82	27.8
72	22.2
70	21.1
69	20.6
101	38.3
82	27.8
75	24
930	500
1000	538
600	315
350	175
165	74
93.6	34.2
60	15.6
77	25
-22	-30
104	40
77	25
212	100
53	11.7
43	6.1
53	11.7
100	37.8
100	37.8
86	30
+446	+230
441	227
205	95
43	6
60	15.6
44	6.7
39	3.9
42	5.6
54	12.2
57	13.9
57	13.9
58	14.4
60	15.6
76	24.4
60	15.6
350	175
185	85
185	85
166	74
55	13
49	9.4
47	8.3
49	9.4
51	10.6
59	15.0
49	9.4
158	70
77	25
257	125
320	160
75	24
149	65
5	-10
375	191
500	260
122	50
106	41
320	160
392	+260
160	70
375	170
80	26.7
400	200
-94	-70
180	85
105.1	40.6
350	175
125	50
86	30
49	9.4
56	13.3
58	14.4
55	12.8
56	13.3
62	16.7
98.1	36.7
50.8	28.2
23	-5
2975	1635
49	9.4
65	18.3
356	180
64	17.8
56	13.3
54	12.2
54	12.2
64	17.8
25	-4
6.9	3.8
56	13.3
49	9.4
43	6.1
48	8.9
74	23.3
56	13.3
57	13.9
51	10.6
56	13.3
350	180
104	40
480	250
46	7.8
46	7.8
51	10.6
46	7.8
50	10.0
44	6.7
36	2.2
31	-0.6
57	13.9
50	10.0
-40	-40
41	5.0
61	16.1
61	16.1
65	18
86	30
104	40
104	40
104	40
104	40
104	40
104	40
850	450
117	47
87.8	31
50	10
39	3.9
49	9.4
57	13.9
39	3.9
90	32.2
169	76
95	35
42.8	6
72	22
-36	-38
160	70
75	23.9
47	8.3
75	23.9
-4	+32
100	37.8
158	70
185	85
63	17
12.2	-11
86	30
375	190
46	8
86	30
53	11.7
35	1.7
64	17.8
53	11.7
350	180
75	24
46	8
47	8.3
37	2.8
33	0.6
36	2.2
33	0.6
32	0.0
27	-2.8
32	0.0
36	2.2
34	1.1
42	5.6
47	8.3
350	180
350	180
55	13
400	200
50	10.0
35	1.7
50	10.0
355	180
21.8	12.1
24.9	13.8
161	72
64	17.8
46	7.8
39	3.9
43	6.1
32	0
150	66
64	17.8
475	246
600	316
32	0
68	20
66	19
72	22
95	35
32	0
38	21.1
49.5	27.5
350	176.7
400	200
-14	-10
325	160
390	200
158	70
77	25
158	70
91	33
428	220
78	26
400	204
390	200
87	30
66	18.9
53	11.7
56	13.3
58	14.4
66	18.9
77	25
1.89	1
1800	1000
356	180
42	5.56
45	7.2
70	21.1
6.5	3.6
6.2	3.4
81	27.2
56	13.3
62	16.7
62	16.7
59	15.0
60	15.6
60	15.6
81	27.2
400	200
84	29
+122	+50
400	205
425	220
50.9	10.5
86	30
350	180
375	180
86	30
63	17
40	5
113	45
32	0.0
103	39.4
842	450
69.2	20.7
350	180
350	180
32	0
194	90
350	180
195	95
350	175
194	90
350	180
350	180
54	12
77	25
84	29
10	5
360	180
1200	650
1200	650
45	7
350	180
350	180
140	+60
230	110
46	8
160	71
350	177
64.4	18
52	11.1
46	7.8
45	7.2
42	5.6
47	8.3
48	8.9
51	10.6
48	8.9
48	8.9
49	9.4
47	8.3
52	11.1
66	18.9
370	190
-78	-48
57.2	14.0
425	220
104	40
1508	820
59	15.0
59	15.0
64	17.8
63	17.2
78	25.6
59	15.0
50	10
104	40
375	190
39.2	4
40	4
175	80
140	60
60	15
27	15
375	190
104	40
71.42	21.9
77.9	25.5
66.4	19.1
11.5	6.4
176	80
572	300
60	16
44	6.7
51	10.6
33.8	1
84	28.9
71	21.7
70	21.1
77	25
77	25
425	220
16	-9
47	8.3
63	17.2
47	8.3
64	17.8
46	7.8
48	8.9
46	7.8
39	3.9
64	17.8
410	210
77	25
73	22.8
55	12.8
64	17.8
73	22.8
95	35
360	185
600	310
158	88
400	200
280	138
176	80
356	180
72	22
60	15
33.2	18.4
66	1.5
82	28
500	260
475	246
350	180
74	23.3
51	10.6
350	180
10	-12
48	8.9
56	13.3
62	16.7
67	19.4
48	8.9
77	25
47	8.3
47	8.3
49	9.4
47	8.3
48	8.9
47	8.3
45	7.2
42	5.6
68	20.0
47	8.3
185	85
37	2.8
55	12.8
37	2.8
77	25
1500	815
64	18
68.2	20.1
30.0	-1.1
63	17.2
54	12.2
52	11.1
54	12.2
58	14.4
51	10.6
63	17.2
54	12.2
63	17.2
66	18.9
41	5.0
85	29.4
51	10.6
53	11.7
85	29.4
60	16
31	0.6
46	7.8
45	7.2
48	8.9
49	9.4
48	8.9
46	7.8
43	6.1
62	16.7
46	7.8
212	100
2372	1300
2600	1427
175	80
212	100
320	160
200	93
3	-16
104	40
400	200
149	20
91	35
320	160
45	7
18	10
68	20
50	10
77	25
410	210
51	10.6
60	15.6
51	10.6
57	13.9
56	13.3
59	15.0
49	9.4
79	26.1
57	13.9
81	27.2
69	20.6
81	27.2
-10	-23
78	25.6
77	25.0
75	23.9
77	25.0
87	30.6
95	35
212	100
428	220
446	230
53	11.7
55	12.8
53	11.7
23	-5
47	8.3
66	18.9
1292	700
68	20.0
51	10.6
68	20.0
64	18
73	23
73	23
73	23
75	24
77	25
77	25
84	29
77	25
79	26
75	24
350	175
72	22
250	121
-112	+121
104	40
410	210
76	24
375	180
32	0
64	17.8
64	17.8
63	17.2
63	17.2
63	17.2
73	22.8
64	17.8
200	93
49	9.4
55	12.8
59	15.0
64	17.8
49	9.4
2192	1200
140	60
157	69.4
120	49
120	49
120	49
120	49
120	49
140	60
157	69.4
120	49
120	49
120	49
120	49
120	49
120	49
140	60
157	69.4
120	49
120	49
120	49
120	49
120	49
0	-17
80	26
69	20.6
69	20.6
61	16.1
60	15.6
69	20.6
67	19.4
63	17.2
69	20.6
350	180
104	40
32	0
400	200
307.8	153.2
59	15.0
47	8.3
46	7.8
75	23.9
117	47
60	15.6
-180	-118
165	73
350	180
43	6
53	11.7
25	-3.9
27	-2.8
31	-0.6
36	2.2
41	5.0
26	-3.3
53	11.7
55	12.8
350	175
1500	816
129	53
1382	750
50	10.0
51	10.6
44	6.7
80	26.7
50	10.0
75	24
93	33.9
83	28.3
80	26.7
93	33.9
70	21.1
52	11.1
53	11.7
49	9.4
70	21.1
40	4.4
40	4.4
40	4.4
43	6.1
51	10.6
40	4.4
1470	800
1060	572
420	220
122	50
375	190
122	50
65	18
65	18
55	13
64	18
262	125
57	13.9
49	9.4
48	8.9
49	9.4
50	10.0
51	10.6
50	10.0
57	13.9
20	-7
-10	-23
75	24
50	10
0	-18
44	6.7
42	5.6
42	5.6
60	15.6
44	6.7
57	13.9
36	2.2
37	2.8
57	13.9
80	27
80	27
80	26
80	27
79	26
80	26
67	19
48	9
50	40
180	82
140	60
44	6.7
44	6.7
58	14.4
44	6.7
100	37.8
75	23.9
100	37.8
53	11.7
69	20.6
53	11.7
162	72
188	86
162	72
82	27.8
77	25.0
82	27.8
600	316
350	180
84	29
375	190
51	11
54	12
69	20
2.4	1.3
0.36	0.20
140	60
390	200
145	62.7
0	-18
34	1
34	1
36	2
39	4
45	7
48	9
54	12
52	11
50	10
45	7
39	4
36	2
77	25
400	200
77	25
212	100
85	29.4
70	21.1
70	21.1
72	22.2
70	21.1
74	23.3
71	21.7
72	22.2
70	21.1
71	21.7
85	29.4
400	200
375	190
111	44
1.1	0.6
22.6	-5.2
26.1	-3.3
31.6	-0.2
39	3.9
46.9	8.3
52.5	11.4
54.9	12.7
54.7	12.6
49.1	9.5
41	5
33.6	0.9
26.6	-3
200	95
375	190
57	14
67	19.4
38	3.3
59	15.0
57	13.9
60	15.6
61	16.1
67	19.4
20	2
248	120
800	430
86	35
+2192	+1200
72	22
176	80
60.3	15.7
82	27.8
96	35.6
82	27.8
113	45
17	27.2
61	16.1
34	1.1
212	100
99.7	37.6
220	93
325	163
350	180
64	17.8
61	16.1
55	12.8
50	10
54	12.2
31	-0.6
26	-3.3
30	-1.1
54	12.2
225	107
65	18
1.8	1
46	7.8
37	2.8
41	5.0
50	10.0
46	7.8
500	260
33.8	1
300	150
350	180
-20	-28
0	-17
14.4	-9.8
-35.0	-37.2
40	4.4
58	14.4
40	4.4
+140	+60
40	5
71	21.6
69	20.6
56	13.3
59	15.0
60	15.6
55	12.8
69	20.6
53	11.7
31	-0.6
30	-1.1
26	-3.3
100	100
22.9	12.7
25.4	14.1
17.6	9.8
3.6	2
68	20.0
53	11.7
-22	-30
1112	600
45	7
120	50
15.7	8.7
15.8	8.8
68	18
104	40
104	40
104	40
325	160
85	29.4
73	23
95	35
59	15
55.2	12.9
350	180
95	35
77	25
72	22.2
72	22.2
73	22.8
75	23.9
72	22.2
73	22.8
52	11.1
212	100
62	16.7
62	16.7
62	16.7
108	42
77	25
82	28
1832	1000
1832	1000
2192	1200
1706	930
1.6	0.9
6	3.3
67	19.4
44	6.7
40	4.4
67	19.4
350	175
-261	-163
74	23
200	93
41	5.0
48	8.9
42	5.6
41	5.0
42	5.6
69	20.6
350	180
11.5	6.4
350	180
104	40
375	190
64	17.8
45	7.2
51	10.6
50	10.0
40	4.4
64	17.8
65	18.3
45	7.2
46	7.8
65	18.3
85	29
50	10
77	25
50	10
14	-10
400	200
-4	-20
1300	163
73	23
134	57
46	+8
-9	-25
32	0
108	42
662	350
752	400
400	200
180	80
65	18.3
65	18.3
70	21
68	20
61	16
72	23
68	20
73	23
79	26
79	26
79	26
81	27
68	20
64	18
247	175
247	175
350	177
35	1.7
98.6	37
1971	1077
59	15
325	160
65	18.3
64	17.8
65	18.3
450	232
194	125
5	3
5	3
5.0	3.0
5	3
1.8	1.0
+122	+50
-150	-101
68	20
212	100
350	180
58	14.4
63	17.2
58	14.4
+302	+150
50	10.0
74	23.3
350	175
355	180
1562	850
375	190
130	55
59	15.0
57	13.9
56	13.3
64	17.8
75	23.9
59	15.0
40	4.4
42	5.6
35	1.7
30	-1.1
58	14.4
40	4.4
212	100
80	27
66	18.9
53	11.7
50	10.0
66	18.9
400	200
260	-162
410	210
390	200
70	21
-234.67	-148.15
255	150
0.50	0.28
5.4	3.0
1.44	0.80
450	230
212	100
153	67
67	19
60	16
-97	-72
145	63
350	180
200	93
1500	816
102	38.9
84	28.9
83	28.3
82	27.8
84	28.9
102	38.9
310	155
176	80
72	22.2
58	14.4
60	15.6
62	16.7
72	22.2
73	23
45	7
45	7
45	7
75	24
75	24
82.4	28
275	135
66	19
77	25
275	135
61	16
119	48
140	60
150	65
20	-7
40	4
40	4
350	180
77	25
3992	2200
1832	1000
3992	2200
325	170
1300	750
1300	750
72	22.2
64	17.8
62	16.7
59	15.0
62	16.7
68	20
50	10.0
48	8.9
50	10.0
54	12.2
30	-1.1
54	12.2
273	134
273	134
62	16.7
62	16.7
500	260
55	12.8
51	10.6
55	12.8
101.3	38.5
7.8	4.3
2.7	1.5
8.4	4.7
400	204
400	200
350	180
86	30
77	25
18	-8
22	-6
61	16.1
76	24.4
61	16.1
360	180
360	180
54	12.2
59	15.0
67	19.4
54	12.2
325	160
113	45
101.9	38.8
7	4
84	29
84	29
125	51.5
86	30
1300	700
375	190
600	316
81	27.2
76	24.4
75	23.9
72	22.2
73	22.8
75	23.9
77	25.0
77	25.0
76	24.4
76	24.4
81	27.2
76	24.4
54	12.2
400	200
6	3.3
375	190
61	16.1
57	13.9
101.4	38.6
100.5	38.1
375	190
81	27.2
81	27.2
80	26.7
94	34.4
81	27.2
-4	-20
80	26.7
80	26.7
45	7.2
45	7.2
104	40
65	18.3
57	13.9
65	18.3
68	20
68	20
3.6	2
-321	-196
23	31
102	39
95	35
75	24
111.2	44
12.1	6.7
103	39.4
425	220
90	2
90	32
158	70
39	4
63	17
70	21.1
54	12.2
52	11.1
53	11.7
53	11.7
63	17.2
70	21.1
80	26.6
320	160
62	16.7
34	1.1
78	25.6
62	16.7
78	25.6
84	28
45	7
63	17
-40	-40
180	82
180	82
221	105
375	191
32.0	0.0
212	100
-19	-28.33
5	-15
32.9	18.3
38.3	21.3
752	400
140	35
375	190
97	36.1
40	4
97	36
75	24
65	18.3
40	4.4
48	8.9
65	18.3
64	17.8
43	6.1
49	9.4
64	17.8
325	163
325	160
8.3	4.6
2	1.1
51	10.6
32	0.0
27	-2.8
25	-3.9
51	10.6
20	-4
122	50
82	28
14	-10
176	80
55	13
83	28.3
86	30.0
70	21
75	23.9
51	10.6
90	32
85	29
63	17.2
59	15.0
63	17.2
104	40
104	40
104	40
160	71
496	258
400	204
752	400
30	-1.1
30	-1.1
17	-8.3
18	-7.8
13	-10.6
19	-7.2
26	-3.3
50	10.0
30	-1.1
95	35
59	15
52	11.1
41	5.0
7300	4000
350	175
350	175
450	230
212	100
+158	+70
70	21
81	27
18.6	10.3
120	49
338	170
77	25
86	30
47.3	26.3
242	+90
77	25
50	10
59	15
65	18.3
47	8.3
38	3.3
65	18.3
100	40
109	43
35.6	2
17.5	9.7
86	30
73	23
1400	760
158	70
+572	+300
220	105
72	22.2
51	10.6
51	10.6
400	200
86	30
98.6	37
82	28
109.9	43.3
82	28
43	6
52	11
46	7.8
65	18.3
46	7.8
23.6	13.1
99	37
-351	-213
77	25
350	175
425	220
375	190
100.4	38.0
100	38
73	23
375	190
27	15
+482	+250
350	180
400	204
32	0
140	60
77	25
32	0
51	10.6
39	3.9
56	13.3
51	10.6
67.64	19.8
76.8	24.9
60.8	16
16	8.9
160	71
37	3
-20	-30
375	190
212	100
230	110
26.9	14.9
30	50
350	175
84	29
125	50
180	80
228	109
36	2
50	10
165.2	74
275	135
210	99
64	18
400	200
83	28.3
76	24.4
350	176
67	19.4
71	21.7
76	24.4
67	19.4
45	7
77	25
8.4	4.7
10.1	5.6
51	10.6
52	11.1
56	13.3
66	18.9
51	10.6
63	17.2
63	17.2
10	5.6
72	22
70	21.1
55	12.8
59	15.0
32	0
200	93
255	124
170	77
68	20.0
41	5.0
46	7.8
40	4.4
68	20.0
73	22.8
34	1
34	1
36	2
39	4
43	6
48	9
52	11
52	11
48	9
45	7
37	3
36	2
82	28
86	30
85	29
50	10
410	210
120	47
36	2
57	14
48	8.9
39	3.9
41	5.0
400	200
71	21.7
84	28.9
71	21.7
350	180
+122	50
32	0
167	75
67	19.4
65	18.3
63	17.2
65	18.3
84	28.9
67	19.4
+140	+60
74	23.3
73	22.8
71	21.7
73	22.8
80	26.7
68	20.0
55	12.8
103	39
75	24
84	29
300	150
100.8	38.2
82	28
43	6
45	7
44	7
44	7
44	7
47	9
40	4
200	85
+59	+15
-7.6	-22
43	6.1
41	5.0
48	8.9
41	5.0
41	5.0
44	6.7
58	14.4
43	6.1
104	40
35	2
176	80
59	15
95	35
102	39
122	50
117.7	47.6
115.9	46.6
59	15.0
55	12.8
52	11.1
59	15.0
400	204
428	220
650	350
98	36.5
311	155
14	-10
14	-10
392	200
122	50
56	13.3
72	22.2
77	25
55	13
300	160
400	204
375	190
400	200
356	180
102	39
58	15
109.6	43.1
600	315
52	11.1
72	22.2
52	11.1
62.6	17
70	21
92	33.3
76	24.4
76	24.4
75	23.9
76	24.4
76	24.4
75	23.9
73	22.8
75	23.9
92	33.3
71	21.7
93	33.9
104	40
49	9.4
49	9.4
47	8.3
62	16.7
49	9.4
700	371
72	22.2
71	21.7
82	27.8
72	22.2
64	17.8
47	8.3
54	12.2
55	12.8
53	11.7
46	7.8
64	17.8
63	17.2
38	3.3
56	13.3
63	17.2
57	14
90	43
-2	-20
41	5.0
47	8.3
55	12.8
2372	1300
-11.2	-24
608	+320
64	17.8
47	8.3
64	17.8
2000	1093
-40	-40
30	-1
2400	1600
+900	+482
45	7.2
48	8.9
45	7.2
26.3	14.6
10.1	5.6
79	26.1
89	31.7
91.4	33
77	26
79	26
375	190
35	1
6	-14
104	40
65	18
100	38
350	160
74	23.3
55	12.8
47	8.3
57	13.9
49	9.4
60	15.6
62	16.7
58	14.4
74	23.3
105	41
59	15
81	27
95	35
81	27
78	26
35	2
30	-1.1
44	6.7
42	5.6
37	2.8
36	2.2
55	12.8
30	-1.1
15	-9
350	180
34	1
66	19
86	30
86	30
375	190
86	30
350	180
31.7	17.6
26.6	14.8
46	8
77	25.0
77	25.0
750	400
23.3	13
350	180
100	38
104	40
104	40
80	27
22.9	12.7
350	180
100	38
425	220
82	28
75	24
77	25
28	15
175	80
400	204
43	6.1
18.4	10.2
15.4	8.6
325	165
118	47.8
22	12
120	50
41	5
400	200
50	10
360	182
50	10.0
48	8.9
42	5.6
42	5.6
57	13.9
350	180
194	90
430	221
113	45
50	10
350	175
51	10.6
39	3.9
39	3.9
41	5
23	-5
62	16.7
47	8.3
62	16.7
60	15.6
68	20.0
46	7.8
38	3.3
46	7.8
98.2	36.8
300	149
212	100
930	500
375	190
104	40
80	27
125	52
112	44.5
4	2.3
185	+85
38	3.5
176	80
350	180
-8	-22
185	85
-11	-24
28	-2
266	130
82.4	28
1200	650
115	46
83	28.5
83	28
75	24
350	180
77	25.0
60	15.6
60	15.6
62	16.7
58	14.4
61	16.1
63	17.2
65	18.3
60	15.6
77	25.0
5.4	9.8
100	38
86	30
200	100
95	35
37	3
800	426
100	38
180	82
0	-17
32	0
10	-12
72	22
+392	+200
105	40.5
-2	-20
1200	650
1500	815
1200	649
98	36.7
77	25.0
77	25.0
78	25.6
78	25.6
77	25.0
77	25.0
98	36.7
73	22.8
77	25
60	15.6
55	12.8
53	11.7
50	10.0
60	15.6
-22	-30
54	12
74.1	23.4
70	28
6.5	3.6
375	190
106	41
212	100
81	27.2
68	20.0
68	20.0
81	27.2
41.2	22.9
61.4	34.1
38.8	21.5
150	65
2192	1200
350	175
150	65
570	300
540	282
69	21
302	150
500	260
500	260
50	10.0
55	12.8
104	40.0
83	28.3
79	26.1
79	26.1
77	25.0
78	25.6
79	26.1
84	28.9
104	40.0
70	21.1
52	11.1
59	15.0
54	12.2
51	10.6
61	16.1
60	15.6
59	15.0
53	11.7
70	21.1
51	10.6
51	10.6
400	200
16.4	9.1
355	180
57	13.9
67	19.4
57	13.9
0	-18
-450	-267
-190	-123
150	66
150	66
158	70
61	16
108	42
79	26
+129	+54
77	25
80	26
350	177
180	80
90	32
300	149
350	177
140	60
140	60
62	16.7
52	11.1
62	16.7
39	4
41	5
37	3
43	6
340	170
430	220
350	180
460	240
180	350
350	180
77	25
425	250
104	40
400	200
350	175
300	150
850	455
104	40
49	9.4
49	9.4
52	11.1
58	14.4
44	6.7
43	6.1
74	23.3
600	300
104	40
77	25
68	20
86	30
350	180
185	85
149	65
86	30
50	10
-4	-20
102.5	39
230	110
70	21
104	40
89.6	32
248	120
87	30.6
74	23.3
87	30.6
54	12.2
47	8.3
49	9.4
78	25.6
54	12.2
400	200
320	160
70	21
410	210
159	71
104	40
350	180
131	55
-58	-50
-58	-50
375	190
77	25
84	29
67	19.4
66	18.9
65	18.3
720	383
67	19.4
50	10.0
80	27
1470	800
350	180
62	16.7
56	13.3
62	16.7
1.6	0.89
2.25	1.25
68	20
180	200
52	11
57	14
48	9
57	14
212	100
100	38
113	45
2100	1150
2600	1427
100	38
300	149
100	38
70	21
90	32
65	18
620	325
66	19
95	35
350	175
-63	-52
-63	-52
158	70
179.6	82
120	48.9
212	100
48	8.9
59	15.0
62	16.7
63	17.2
60	15.6
59	15.0
59	15.0
69	20.6
48	8.9
39	3.9
55	12.8
190	87.8
165	74
32	0
11.2	6.2
17.4	9.7
50	9.94
2150	1177
1600	870
70	21.1
45	7.2
49	9.4
61	16.1
49	9.4
54	12.2
62	16.7
65	18.3
72	22.2
70	21
400	200
400	205
650	345
109	42.8
60	15.6
46	8
725	385
41	5
10.1	5.6
180	82
100.0	37.8
65	18
-270	-170
14	-10
176	80
85	30
392	200
85	29
39	4
26.8	14.9
49	9.4
75	23.9
104	40
77	25
60	15
55	13
50	10
31.7	17.6
325	160
-77	-61
375	190
62.42	16.9
76.3	24.6
52	11.1
225	110
68	20.0
68	20.0
68	20.0
90	32.2
350	180
66	18.9
35	1.7
34	1.1
45	7.2
-306.4	-188
85	29
89	31.7
1292	700
1400	760
73	23
84	29
68	+20
0.7	0.4
13.5	7.5
3.5	1.9
572	300
450	232
450	232
590	310
200	90
200	90
200	90
200	90
200	90
200	90
200	90
200	90
200	90
200	90
200	90
140	60
104	40
64	18
600	315
98	37
101	38.5
86	30
122	50
95	35
158	70
212	100
375	190
63	17.2
56	13.3
63	17.2
350	180
300	51
76	24.5
95	35
70	21
140	+60
30	-10
350	180
44	6.7
62	16.7
44	6.7
350	180
43	6.1
43	6.1
52	11.1
86	30
500	260
375	190
140	60
100.5	38.1
165	74
20	-7
10	-12
65	18.3
45	7.2
50	10.0
53	11.7
50	10.0
47	8.3
45	7.2
45	7.2
38	3.3
65	18.3
500	260
350	176
68	20
350	175
73	22.8
73	22.8
14	-10
-23.8	-31
350	180
350	180
50	10
104	40
86	30
62.2	16.5
-44.1	-42
51	10.6
75	23.9
3.4	1.9
102	39
43.7	24.3
16	-9
77	25
8	4.5
99	37
750	400
840	450
752	400
3308	1820
33	0.8
68	20.0
43	6.1
68	20.0
167	75
156	68.8
74	25
81	27.2
104	40
200	93
73	22.8
54	12.2
73	22.8
-58	-50
69	21
35	1.7
41	5.0
37	2.8
51	10.6
35	1.7
83	28.3
104	40.0
83	28.3
57	13.9
43	6.1
57	13.9
77	25
120	49
350	180
140	60
300	149
80	30
71.6	22
80	30
45	7.2
51	10.6
70	21.1
52	11.1
66	18.9
49	9.4
47	8.3
35	1.7
56	13.3
60	15.6
49	9.4
450	230
46	7.8
37	2.8
36	2.2
35	1.7
40	4.4
39	3.9
44	6.7
46	7.8
74	23.3
46	7.8
37	38
53	11.7
54	12.2
43	6.1
53	11.7
75	24
500	260
600	315
134	57
69	20.6
47	8.3
49	9.4
55	12.8
44	6.7
69	20.6
350	175
88.2	31.2
40	4
55	13
10	6
75	23.9
75	23.9
41	5
1200	648
54	12
70	21
58	14.4
56	13.3
62	16.7
58	14.4
+140	+60
63	17.2
56	13.3
63	17.2
41	5
375	190
325	165
95	35
400	200
400	200
59	15.0
35	1.7
44	6.7
59	15.0
120	49
160	71
63	17
77	25
39	4
171	77
63	17
160	71
63	17
25.8	14.4
275	140
350	177
60	15.6
30.8	17.1
8.9	5
50	10
55.4	13.0
392	200
70	21
81	27
69.1	20.6
69.1	20.6
70.2	21.2
71.6	22
72.9	22.7
73	22.8
72.5	22.5
72.3	22.4
72.3	22.4
72	22.2
71.6	22
70.2	21.2
450	230
165	74
185	85
165	74
350	175
40	4
82	28
77	25
400	200
750	400
97.6	36.4
355	180
76	24
76	25
77	25
78	26
80	26
80	27
76	24
212	100
13	7.2
131	55
200	93
54	12
375	191
375	191
375	191
375	191
23	-5
664	351
52	11.1
51	10.6
56	13.3
52	11.1
400	200
66	19
500	260
130	54
140	0.2
140	0.2
230	0.2
-20	-85
40	4.4
53	11.7
61	16.1
40	4.4
79	26
185	85
250	121
155	68
200	93
72	22
72	22
64	18
33	1
300	148
122	50
4.68	2.6
67	19.4
55	12.8
57.8	14.3
57.9	14.3
210	99
160	70
45	7.2
59	15.0
45	7.2
350	180
49	9.4
47	8.3
50	10.0
49	9.4
53	11.7
56	13.3
54	12.2
52	11.1
66	18.9
49	9.4
72	22
63	17.2
46	7.8
76	24.4
75	23.9
75	23.9
73	22.8
77	25.0
98.6	37
140	60
50	10
54	12
90	32.2
82	27.8
57	14
420	215
+131	+55
400	200
350	180
800	430
-380	-230
86	30
52	11.1
300	140
51	10.6
51	10.6
350	180
375	190
5.9	3.3
350	180
60	15.6
64	18
77	25
46	7.8
46	7.8
72	22
175	80
110	49
350	176
66	19
75	41
48	9
57	14
120	49
425	220
572	300
4	2.0
42	5.6
53	11.7
42	5.6
71	21.7
71	21.7
88	31.1
79	26.1
78	25.6
88	31.1
104	40
47	8.3
61	16.1
86	30
55	+13
54	+12
400	200
400	200
45	7
57	14
374	1
425	220
325	160
125	51
57.5	14.1
350	175
105	41
57	25
110	43
54	12
250	120
302	150
40.5	22.5
59.9	33.3
5	-15
53	11.7
49	9.4
45	7.2
47	8.3
46	7.8
47	8.3
45	7.2
72	22.2
53	11.7
65	18.3
58	14.4
69	20.6
66	18.9
60	15.6
75	23.9
65	18.3
350	176
210	100
1.4	.8
100	40
73	22.8
60	15.6
57	13.9
59	15.0
73	22.8
106	41
284	140
66	19
78	32
60	15
104	40
77	25
392	200
360	180
81	27
69	20.6
118	48
118	48
320	160
390	200
195	90
80	26.7
80	26.7
350	180
68	20
68	20
3.6	2.0
170	77
86	30
104	40
54	12.2
38	3.3
38	3.3
54	12.2
375	190
49	9.4
47	8.3
62	16.7
49	9.4
90	32
450	232
86	30
0	-17.8
266	130
36	2.2
38	3.3
43	6.1
350	180
90	32
64	18
73	23
7.2	4
104	40
280	138
52	11.1
42	5.6
39	3.9
36	2.2
37	2.8
32	0.0
34	1.1
36	2.2
42	5.6
52	11.1
0	-18
82	27.8
475	240
86	30
165	74
425	218
350	177
90	32
59	15.0
50	10.0
59	15.0
425	220
230	110
210	100
50	10
575	300
63	17
75	24
350	180
300	150
1500	815
41	5
430	220
360	180
67	19.4
39	3.9
40	4.4
35.5	19.7
36.8	20.5
327	+164
160	70
40	4.4
450	232
302	150
45	7
71.4	21.9
73	23
185	95
74.8	23.8
47.5	8.6
46	7.8
38	3.3
47	8.3
46	7.8
90	32
64	18
62	16
400	204
60	16
60	16
52	11
61	16
61	16
60	16
60	16
250	120
400	205
68	20.0
51	10.6
48	8.9
49	9.4
68	20.0
107.6	42
450	232
100	38
3	36.5
86	30
66	18.9
82	27.8
4.7	2.6
33	0.6
32	0.0
29	-1.7
28	-2.2
23	-5.0
19	-7.2
42	5.6
33	0.6
400	200
370	190
800	425
97	36.1
74	23.3
76	24.4
79	26.1
80	26.7
75	23.9
97	36.1
70	21
46	7.8
45	7.2
45	7.2
36	2.2
53	11.7
46	7.8
32.0	0
-16.0	-26.7
67	19
350	180
84	29
120	49
70	21
39.9	22.1
60.8	33.8
350	160
105	40.6
85	29.4
87	30.6
86	30.0
84	28.9
105	40.6
80	26.7
75	23.9
93	33.9
50	10
57	13.9
58	14.4
57	13.9
43	6.1
48	8.9
65	18.3
43	6.1
95	35
105	35
2012	1100
19	-7.2
22.3	-5.4
29.7	-1.3
37	2.8
46	7.8
52	11.1
55.2	12.9
54.9	12.7
48.2	9
39.7	4.3
30.2	-1
22.6	-5.2
113	45
300	150
300	150
70	21
60	15
29.4	16.3
29.3	16.3
-22	-30
350	180
70	21
82	28
70	21
-45	43
1.1	0.6
350	180
1022	-20
58	14.4
36	2.2
41	5.0
60	15.6
51	10.6
60	15.6
400	200
104	+40
375	190
325	170
56.3	13.5
64	18
+230	+110
360	180
77	25
80	26
425	200
400	180
122	50
842	450
977	525
466	230
466	230
482	250
600	316
445	229
500	260
500	260
-68.8	-56
-76	-60
2700	1480
82	27.8
83	28.3
81	27.2
